3 0.242622 0.000579 0.206163 0.044560 0.192274 0.085069 0.196615 0.138310 0.214844 0.169560 0.240885 0.191551 0.312066 0.210069 0.450955 0.215856 0.480469 0.204282 0.500434 0.178819 0.504774 0.153356 0.514146 0.000000
3 0.463108 0.307292 0.403212 0.306134 0.371094 0.316551 0.348524 0.324653 0.265191 0.336227 0.220052 0.365162 0.195747 0.407986 0.191406 0.460069 0.207899 0.504051 0.240885 0.536458 0.275608 0.549190 0.407552 0.568866 0.434462 0.573495 0.481337 0.567708 0.498698 0.546875 0.508247 0.485532 0.509983 0.406829 0.500434 0.332755 0.477865 0.310764
3 0.418837 0.642940 0.266059 0.659144 0.217448 0.684606 0.194010 0.722801 0.194010 0.778356 0.213108 0.822338 0.252170 0.853588 0.331163 0.872106 0.371962 0.890625 0.386719 0.921875 0.413628 0.929977 0.454427 0.929977 0.481337 0.916088 0.493490 0.890625 0.498698 0.822338 0.498698 0.742477 0.486545 0.669560 0.458767 0.641782
1 0.695747 0.127894 0.503906 0.185764 0.487413 0.200810 0.476128 0.236690 0.475260 0.277199 0.490885 0.314236 0.644531 0.369792 0.701823 0.381366 0.754774 0.358218 0.794705 0.313079 0.809462 0.277199 0.809462 0.229745 0.795573 0.177662 0.762587 0.149884 0.720920 0.130208
1 0.686198 0.494792 0.622830 0.514468 0.499566 0.565394 0.482205 0.596644 0.483941 0.633681 0.490017 0.669560 0.504774 0.686921 0.660156 0.725116 0.707899 0.730903 0.756510 0.707755 0.782552 0.674190 0.792101 0.642940 0.795573 0.607060 0.786024 0.564236 0.760851 0.524884 0.725260 0.505208
1 0.611545 0.866319 0.488281 0.923032 0.476997 0.954282 0.476128 0.998264 0.801649 0.998264 0.802517 0.968171 0.799045 0.936921 0.781684 0.902199 0.762587 0.890625 0.730469 0.858218 0.671441 0.842014
4 0.404080 0.301505 0.413628 0.279514 0.412760 0.264468 0.399740 0.250579 0.342448 0.240162 0.287760 0.239005 0.240017 0.256366 0.246962 0.284144 0.283420 0.332755 0.349392 0.321181 0.371094 0.315394
4 0.411892 0.580440 0.391927 0.609375 0.345920 0.630208 0.338108 0.642940 0.311198 0.648727 0.306858 0.623264 0.275608 0.607060 0.241753 0.573495 0.240885 0.548032 0.253038 0.543403 0.276476 0.548032 0.400608 0.573495
4 0.366753 0.892940 0.338976 0.899884 0.336372 0.914931 0.315538 0.912616 0.312934 0.898727 0.288628 0.895255 0.261719 0.876736 0.251302 0.855903 0.329427 0.875579
2 0.653212 0.137153 0.644531 0.107060 0.620226 0.090856 0.573351 0.087384 0.528212 0.101273 0.508247 0.115162 0.507378 0.157986 0.506510 0.182292
2 0.632378 0.402199 0.586372 0.389468 0.541233 0.388310 0.517795 0.394097 0.510851 0.403356 0.512587 0.479745 0.524740 0.493634 0.600260 0.505208 0.619358 0.507523 0.645399 0.485532 0.653212 0.460069 0.651476 0.424190
2 0.525608 0.695023 0.505642 0.705440 0.501302 0.736690 0.501302 0.764468 0.513455 0.792245 0.552517 0.803819 0.619358 0.799190 0.640191 0.780671 0.644531 0.758681 0.642795 0.725116
0 0.819010 0.005208 0.773872 0.044560 0.777344 0.059606 0.792969 0.073495 0.828559 0.073495 0.835503 0.090856 0.770399 0.149884 0.725260 0.127894 0.696615 0.123264 0.659288 0.131366 0.674913 0.104745 0.759115 0.000579
0 0.830295 0.382523 0.826823 0.410301 0.779948 0.418403 0.768663 0.440394 0.774740 0.471644 0.828559 0.480903 0.833767 0.513310 0.733941 0.504051 0.684462 0.492477 0.649740 0.498264 0.659288 0.457755 0.658420 0.409144
0 0.741753 0.718171 0.825955 0.784144 0.817274 0.800347 0.772135 0.811921 0.766927 0.833912 0.793837 0.853588 0.823351 0.868634 0.826823 0.902199 0.786024 0.909144 0.765191 0.891782 0.651476 0.772569 0.654948 0.734375 0.707031 0.732060
