4 0.481337 0.000579 0.476128 0.037616 0.417101 0.045718 0.391927 0.057292 0.378038 0.081597 0.343316 0.097801 0.270399 0.112847 0.249566 0.095486 0.213108 0.020255 0.209635 0.000579
1 0.493490 0.005208 0.503906 0.039931 0.551649 0.070023 0.685330 0.124421 0.736545 0.129051 0.779080 0.107060 0.815538 0.068866 0.831163 0.031829 0.837240 0.002894
1 0.667101 0.250579 0.496094 0.317708 0.478733 0.347801 0.479601 0.405671 0.492622 0.433449 0.532552 0.451968 0.652344 0.489005 0.711372 0.490162 0.759983 0.464699 0.792969 0.409144 0.797309 0.350116 0.781684 0.291088 0.735677 0.256366
1 0.680990 0.596644 0.509115 0.661458 0.492622 0.681134 0.483941 0.739005 0.501302 0.780671 0.541233 0.793403 0.671441 0.837384 0.733941 0.829282 0.786024 0.793403 0.805122 0.741319 0.799913 0.685764 0.772135 0.631366 0.722656 0.601273
1 0.464844 0.493634 0.478733 0.512153 0.490017 0.572338 0.473524 0.626736 0.282552 0.681134 0.243490 0.669560 0.203559 0.644097 0.177517 0.596644 0.171441 0.541088 0.189670 0.483218 0.228733 0.447338 0.283420 0.432292
1 0.461372 0.779514 0.431858 0.789931 0.380642 0.793403 0.326823 0.801505 0.329427 0.777199 0.286024 0.776042 0.264323 0.795718 0.218316 0.795718 0.188802 0.824653 0.177517 0.873264 0.185330 0.931134 0.213976 0.973958 0.254774 0.994792 0.329427 0.994792 0.391059 0.977431 0.438802 0.978588 0.472656 0.990162 0.502170 0.970486 0.509983 0.907986 0.504774 0.837384 0.488281 0.791088
2 0.660156 0.212384 0.629774 0.188079 0.564670 0.185764 0.519531 0.198495 0.511719 0.265625 0.523872 0.292245 0.550781 0.295718 0.659288 0.247106
2 0.601997 0.486690 0.627170 0.495949 0.636719 0.517940 0.641059 0.557292 0.625434 0.588542 0.605469 0.596644 0.517795 0.598958 0.498698 0.578125 0.490885 0.550347 0.494358 0.507523 0.523872 0.489005
0 0.819878 0.108218 0.819010 0.130208 0.782552 0.168403 0.785156 0.200810 0.818142 0.213542 0.818142 0.222801 0.795573 0.222801 0.753906 0.264468 0.735677 0.250579 0.667101 0.244792 0.668837 0.210069 0.737413 0.166088 0.750434 0.129051 0.779948 0.110532
0 0.825087 0.480903 0.828559 0.506366 0.799045 0.515625 0.799045 0.566551 0.827691 0.581597 0.833767 0.608218 0.775608 0.602431 0.762587 0.579282 0.651476 0.568866 0.648003 0.504051 0.710503 0.493634 0.750434 0.490162 0.783420 0.492477
0 0.402344 0.321181 0.450955 0.323495 0.471788 0.337384 0.479601 0.364005 0.480469 0.405671 0.465712 0.447338 0.440538 0.454282 0.406684 0.454282 0.407552 0.368634
0 0.292969 0.323495 0.305990 0.367477 0.305990 0.405671 0.293837 0.428819 0.305122 0.435764 0.357205 0.450810 0.379774 0.450810 0.393663 0.436921 0.395399 0.383681 0.371094 0.368634 0.362413 0.343171 0.344184 0.323495
0 0.293837 0.367477 0.259983 0.355903 0.246094 0.329282 0.220052 0.321181 0.185330 0.324653 0.197483 0.348958 0.213976 0.368634 0.213108 0.412616 0.191406 0.418403 0.193142 0.434606 0.221788 0.431134 0.238281 0.436921 0.280816 0.432292 0.297309 0.404514
0 0.415365 0.651042 0.413628 0.682292 0.400608 0.719329 0.402344 0.751736 0.395399 0.785301 0.381510 0.792245 0.332899 0.799190 0.331163 0.776042 0.341580 0.743634 0.338108 0.711227 0.325087 0.698495 0.325087 0.688079 0.334635 0.686921 0.343316 0.670718
0 0.312934 0.706597 0.286024 0.740162 0.283420 0.765625 0.262587 0.792245 0.213976 0.789931 0.230469 0.757523 0.233073 0.708912 0.216580 0.706597 0.207899 0.693866 0.228733 0.693866 0.240017 0.678819 0.282552 0.685764 0.317274 0.671875
3 0.487413 0.044560 0.511719 0.070023 0.516927 0.131366 0.519531 0.195023 0.510851 0.270255 0.505642 0.307292 0.478733 0.331597 0.455295 0.321181 0.400608 0.314236 0.396267 0.344329 0.364149 0.340856 0.348524 0.318866 0.291233 0.318866 0.285156 0.333912 0.240885 0.318866 0.207031 0.279514 0.197483 0.234375 0.200087 0.195023 0.219184 0.153356 0.258247 0.120949 0.355469 0.097801 0.382378 0.089699 0.398003 0.064236 0.413628 0.051505
4 0.517795 0.810764 0.523872 0.995949 0.723524 0.997106 0.722656 0.832755 0.669705 0.842014 0.592448 0.813079
