1 0.503038 0.162616 0.321615 0.239005 0.247830 0.251736 0.176649 0.212384 0.147135 0.154514 0.143663 0.105903 0.161892 0.056134 0.224392 0.004051 0.371094 0.004051 0.502170 0.054977 0.516059 0.110532
1 0.637587 0.191551 0.562066 0.211227 0.542101 0.210069 0.511719 0.230903 0.491753 0.269097 0.489149 0.313079 0.496094 0.339699 0.515191 0.357060 0.528212 0.382523 0.709635 0.433449 0.745226 0.423032 0.803385 0.402199 0.840712 0.366319 0.858073 0.336227 0.859809 0.289931 0.842448 0.242477 0.794705 0.204282 0.744358 0.176505 0.692274 0.179977
1 0.661024 0.573495 0.467448 0.654514 0.457031 0.711227 0.470052 0.760995 0.671441 0.825810 0.724392 0.828125 0.771267 0.817708 0.817274 0.774884 0.848524 0.734375 0.849392 0.688079 0.830295 0.638310 0.790365 0.596644 0.725260 0.567708
2 0.643663 0.176505 0.637587 0.152199 0.614149 0.130208 0.526476 0.125579 0.514323 0.138310 0.507378 0.164931 0.494358 0.171875 0.485677 0.245949 0.493490 0.252894 0.505642 0.228588 0.544705 0.207755 0.562934 0.207755 0.638455 0.189236
2 0.595920 0.446181 0.528212 0.449653 0.509983 0.478588 0.507378 0.514468 0.516059 0.545718 0.560330 0.565394 0.608941 0.559606 0.634983 0.552662 0.653212 0.526042 0.653212 0.491319 0.637587 0.457755
4 0.415365 0.276042 0.426649 0.288773 0.417969 0.344329 0.401476 0.364005 0.365885 0.375579 0.352865 0.385995 0.320747 0.389468 0.312066 0.383681 0.284288 0.383681 0.257378 0.348958 0.240017 0.326968 0.238281 0.303819 0.254774 0.289931 0.304253 0.277199 0.374566 0.273727
4 0.440538 0.631366 0.422309 0.667245 0.403212 0.683449 0.370226 0.697338 0.359809 0.714699 0.336372 0.715856 0.331163 0.705440 0.306858 0.695023 0.279948 0.678819 0.261719 0.664931 0.250434 0.639468 0.274740 0.619792 0.389323 0.611690 0.409288 0.617477 0.439670 0.618634
4 0.420573 0.772569 0.431858 0.994792 0.257378 0.995949 0.245226 0.771412
4 0.510851 0.785301 0.511719 0.818866 0.543837 0.852431 0.682726 0.860532 0.710503 0.850116 0.705295 0.825810 0.668837 0.826968
3 0.464844 0.370949 0.476997 0.391782 0.488281 0.449653 0.492622 0.524884 0.490017 0.580440 0.472656 0.604745 0.416233 0.616319 0.385851 0.603588 0.267795 0.609375 0.227865 0.593171 0.201823 0.560764 0.187066 0.508681 0.201823 0.456597 0.230469 0.409144 0.283420 0.396412 0.376302 0.382523 0.395399 0.369792
