2 0.338976 0.405671 0.310330 0.418403 0.294705 0.456597 0.297309 0.494792 0.319010 0.514468 0.378038 0.522569 0.424045 0.515625 0.438802 0.497106 0.447483 0.461227 0.438802 0.431134 0.408420 0.410301
2 0.483073 0.575810 0.474392 0.598958 0.473524 0.627894 0.483073 0.656829 0.504774 0.671875 0.581163 0.678819 0.610677 0.669560 0.622830 0.645255 0.622830 0.605903 0.609809 0.580440 0.585503 0.578125 0.539497 0.581597 0.517795 0.593171 0.498698 0.593171
4 0.529948 0.001736 0.520399 0.307292 0.731337 0.308449 0.745226 0.000579
4 0.417101 0.570023 0.433594 0.990162 0.250434 0.984375 0.228733 0.574653
0 0.470920 0.000579 0.468316 0.034144 0.457899 0.050347 0.459635 0.114005 0.393663 0.116319 0.393663 0.001736
0 0.381510 0.002894 0.373698 0.038773 0.384983 0.101273 0.364149 0.142940 0.325955 0.159144 0.299913 0.044560 0.317274 0.044560 0.317274 0.029514 0.312166 0.000000
0 0.249566 0.006366 0.249566 0.030671 0.304253 0.130208 0.292101 0.174190 0.242622 0.190394 0.197483 0.097801 0.172309 0.073495 0.201823 0.060764 0.200087 0.042245 0.180122 0.000579
0 0.291233 0.436921 0.290365 0.462384 0.290365 0.508681 0.248698 0.522569 0.214844 0.516782 0.166233 0.526042 0.165365 0.505208 0.190538 0.497106 0.186198 0.442708 0.164497 0.428819 0.161024 0.410301 0.214844 0.416088 0.231337 0.432292
0 0.732205 0.585069 0.783420 0.616319 0.814670 0.615162 0.808594 0.631366 0.772135 0.634838 0.779080 0.676505 0.822483 0.726273 0.765191 0.725116 0.746962 0.710069 0.741753 0.689236 0.629774 0.641782 0.629774 0.603588 0.621094 0.581597 0.674913 0.589699 0.711372 0.590856
3 0.463976 0.114005 0.485677 0.135995 0.497830 0.190394 0.503038 0.285301 0.496094 0.362847 0.468316 0.401042 0.302517 0.402199 0.239149 0.388310 0.206163 0.366319 0.182726 0.315394 0.187066 0.257523 0.212240 0.208912 0.249566 0.188079 0.301649 0.170718 0.345052 0.163773 0.372830 0.147569 0.380642 0.127894 0.419705 0.117477
1 0.601128 0.369792 0.562934 0.380208 0.527344 0.377894 0.496094 0.374421 0.469184 0.405671 0.458767 0.461227 0.465712 0.536458 0.484809 0.576968 0.508247 0.585069 0.554253 0.575810 0.584635 0.570023 0.628906 0.575810 0.675781 0.587384 0.712240 0.586227 0.770399 0.558449 0.811198 0.513310 0.817274 0.442708 0.796441 0.385995 0.748698 0.351273 0.681858 0.343171
1 0.665365 0.706597 0.612413 0.726273 0.568142 0.736690 0.511719 0.732060 0.479601 0.729745 0.452691 0.759838 0.447483 0.825810 0.452691 0.888310 0.470920 0.929977 0.500434 0.940394 0.535156 0.931134 0.591580 0.925347 0.677517 0.948495 0.763455 0.933449 0.805990 0.895255 0.832899 0.850116 0.831163 0.796875 0.803385 0.757523 0.753906 0.725116 0.699219 0.707755
