1 0.700000 0.318750 0.551042 0.363194 0.526042 0.361806 0.490625 0.402083 0.480208 0.431250 0.480208 0.475694 0.490625 0.504861 0.507292 0.515972 0.529167 0.542361 0.684375 0.579861 0.744792 0.577083 0.789583 0.559028 0.832292 0.522917 0.856250 0.485417 0.864583 0.449306 0.861458 0.410417 0.826042 0.363194 0.779167 0.334028 0.733333 0.315972
1 0.704167 0.703472 0.538542 0.760417 0.510417 0.775694 0.497917 0.795139 0.491667 0.828472 0.497917 0.856250 0.509375 0.881250 0.519792 0.895139 0.637500 0.931250 0.689583 0.945139 0.732292 0.945139 0.780208 0.920139 0.808333 0.892361 0.822917 0.849306 0.820833 0.795139 0.803125 0.749306 0.764583 0.715972
1 0.472917 0.850694 0.497917 0.903472 0.497917 0.939583 0.476042 0.992361 0.448958 0.993750 0.408333 0.986806 0.387500 0.990972 0.377083 0.997917 0.233333 0.996528 0.194792 0.963194 0.181250 0.918750 0.188542 0.865972 0.229167 0.822917 0.288542 0.799306 0.279167 0.878472 0.301042 0.863194 0.315625 0.817361 0.345833 0.827083 0.353125 0.861806 0.371875 0.885417 0.379167 0.836806 0.390625 0.849306
1 0.466667 0.675694 0.495833 0.620139 0.496875 0.590972 0.470833 0.527083 0.383333 0.528472 0.344792 0.495139 0.289583 0.485417 0.245833 0.492361 0.189583 0.529861 0.172917 0.574306 0.170833 0.613194 0.188542 0.645139 0.219792 0.675694 0.264583 0.700694 0.296875 0.707639 0.347917 0.693750 0.383333 0.667361
1 0.535417 0.002083 0.515625 0.014583 0.496875 0.040972 0.492708 0.074306 0.496875 0.120139 0.519792 0.142361 0.673958 0.221528 0.711458 0.231250 0.761458 0.224306 0.791667 0.200694 0.818750 0.161806 0.832292 0.110417 0.827083 0.059028 0.812500 0.025694 0.785521 -0.000000
0 0.386458 0.674306 0.392708 0.700694 0.393750 0.722917 0.370833 0.878472 0.356250 0.864583 0.350000 0.822917 0.343750 0.811806 0.323958 0.810417 0.313542 0.814583 0.298958 0.861806 0.279167 0.872917 0.287500 0.817361 0.298958 0.796528 0.328125 0.709028 0.354167 0.695139
0 0.373958 0.482639 0.362500 0.421528 0.328125 0.407639 0.289583 0.381250 0.269792 0.377083 0.241667 0.379861 0.227083 0.410417 0.221875 0.460417 0.322917 0.479861 0.340625 0.481250
4 0.407292 0.088194 0.380208 0.070139 0.334375 0.065972 0.300000 0.079861 0.273958 0.100694 0.263542 0.134028 0.264583 0.154861 0.388542 0.143750 0.394792 0.102083
2 0.711458 0.314583 0.709375 0.281250 0.694792 0.268750 0.545833 0.256250 0.529167 0.271528 0.521875 0.350694 0.527083 0.361806 0.573958 0.352083
2 0.681250 0.585417 0.681250 0.618750 0.676042 0.635417 0.662500 0.647917 0.650000 0.652083 0.615625 0.657639 0.569792 0.659028 0.539583 0.645139 0.529167 0.606250 0.520833 0.588194 0.521875 0.553472 0.558333 0.552083
3 0.475000 0.360417 0.490625 0.352083 0.500000 0.232639 0.497917 0.143750 0.489583 0.106250 0.470833 0.092361 0.414583 0.092361 0.403125 0.099306 0.393750 0.117361 0.391667 0.149306 0.348958 0.147917 0.255208 0.160417 0.220833 0.189583 0.201042 0.218750 0.190625 0.271528 0.203125 0.325694 0.229167 0.357639 0.284375 0.374306 0.387500 0.374306
