2 0.660128 0.186740 0.678376 0.204988 0.678376 0.231752 0.670164 0.251217 0.569799 0.291363 0.544252 0.288929 0.524179 0.305961 0.505931 0.287713 0.509580 0.226886 0.528741 0.192822 0.571624 0.174574 0.615420 0.172141
3 0.478558 0.011557 0.496807 0.055353 0.500456 0.111314 0.500456 0.203771 0.488595 0.219586 0.488595 0.262165 0.473084 0.288929 0.434763 0.303528 0.267792 0.327859 0.221259 0.310827 0.177464 0.270681 0.167427 0.218370 0.184763 0.173358 0.218522 0.142944 0.265055 0.116180 0.399179 0.096715 0.405566 0.033455 0.419252 0.005474 0.472172 0.001825
4 0.397354 0.038321 0.372719 0.039538 0.370894 0.027372 0.353558 0.027372 0.351734 0.040754 0.323449 0.045620 0.291515 0.077251 0.282391 0.110097 0.397354 0.094282
4 0.434763 0.366788 0.429288 0.405718 0.403741 0.442214 0.297901 0.442214 0.264142 0.421533 0.246807 0.378954 0.246807 0.361922 0.348084 0.353406 0.405566 0.353406 0.421077 0.352190
4 0.428376 0.701338 0.407391 0.720803 0.374544 0.726886 0.374544 0.742701 0.347172 0.745134 0.343522 0.729319 0.313412 0.723236 0.276916 0.703771 0.265055 0.679440 0.265055 0.664842 0.309763 0.672141 0.391880 0.664842 0.410128 0.677007 0.413777 0.694039
1 0.744069 0.234185 0.682938 0.250000 0.566150 0.296229 0.557938 0.291363 0.533303 0.309611 0.518704 0.337591 0.512318 0.368005 0.513230 0.397202 0.521442 0.423966 0.537865 0.438564 0.549726 0.466545 0.567062 0.470195 0.738595 0.503041 0.804288 0.488443 0.854471 0.449513 0.887318 0.411800 0.898266 0.360706 0.891880 0.322993 0.866332 0.285280 0.826186 0.252433 0.777828 0.236618
2 0.593522 0.486010 0.533303 0.500608 0.516880 0.529805 0.523266 0.562652 0.561588 0.596715 0.613595 0.605231 0.658303 0.595499 0.693887 0.568735 0.694799 0.537105 0.674726 0.504258 0.630931 0.493309
3 0.489507 0.450730 0.504106 0.512774 0.505931 0.589416 0.501369 0.668491 0.480383 0.687956 0.422901 0.687956 0.412865 0.674574 0.392792 0.663625 0.292427 0.666058 0.249544 0.656326 0.221259 0.633212 0.203011 0.589416 0.200274 0.550487 0.210310 0.509124 0.239507 0.473844 0.266880 0.455596 0.311588 0.450730 0.405566 0.449513 0.429288 0.444647 0.482208 0.443431
1 0.726734 0.630779 0.673814 0.638078 0.539690 0.686740 0.510493 0.717153 0.505018 0.757299 0.505018 0.790146 0.517792 0.816910 0.531478 0.825426 0.548814 0.849757 0.567062 0.849757 0.724909 0.875304 0.773266 0.860706 0.822536 0.833942 0.848084 0.798662 0.861770 0.759732 0.854471 0.714720 0.828923 0.675791 0.780566 0.645377
3 0.488595 0.757299 0.501369 0.782847 0.507755 0.841241 0.511405 0.993309 0.412865 0.992092 0.399179 0.962895 0.326186 0.960462 0.270529 0.951946 0.231296 0.915450 0.210310 0.874088 0.209398 0.827859 0.227646 0.791363 0.250456 0.765815 0.296989 0.748783 0.390055 0.750000 0.473996 0.754866
2 0.691150 0.872871 0.673814 0.888686 0.619069 0.906934 0.563412 0.893552 0.538777 0.872871 0.525091 0.837591 0.534215 0.833942 0.546989 0.849757 0.568887 0.852190
