1 0.493157 0.001825 0.496807 0.028589 0.487682 0.072384 0.322536 0.150243 0.266880 0.166058 0.202099 0.139294 0.160128 0.107664 0.137318 0.046837 0.150091 0.005474
1 0.670164 0.045620 0.626369 0.059002 0.453011 0.127129 0.438412 0.183090 0.450274 0.230535 0.653741 0.312044 0.717609 0.314477 0.765967 0.295012 0.812500 0.253650 0.840785 0.209854 0.845347 0.153893 0.827099 0.105231 0.776916 0.061436 0.717609 0.044404 0.670164 0.043187
1 0.703923 0.467762 0.532391 0.507908 0.503193 0.537105 0.494069 0.577251 0.494069 0.616180 0.500456 0.630779 0.515055 0.638078 0.528741 0.667275 0.560675 0.673358 0.710310 0.722019 0.765967 0.713504 0.803376 0.689173 0.830748 0.666058 0.848084 0.638078 0.859033 0.604015 0.856296 0.557786 0.824361 0.516423 0.759580 0.475061
1 0.505931 0.347324 0.516880 0.400852 0.506843 0.453163 0.321624 0.521290 0.263230 0.526156 0.213047 0.504258 0.162865 0.462895 0.144617 0.422749 0.147354 0.364355 0.188412 0.304745 0.241332 0.276764 0.300639 0.271898 0.372719 0.290146
1 0.748631 0.853406 0.599909 0.891119 0.471259 0.936131 0.468522 0.998175 0.861770 0.995742 0.855383 0.959246 0.820712 0.894769
2 0.509580 0.369221 0.525091 0.355839 0.617245 0.361922 0.636405 0.385036 0.645529 0.434915 0.629106 0.460462 0.589872 0.470195 0.542427 0.473844 0.507755 0.456813 0.519617 0.397202
2 0.546989 0.674574 0.526004 0.673358 0.511405 0.673358 0.505931 0.711071 0.509580 0.748783 0.525091 0.770681 0.577099 0.790146 0.642792 0.771898 0.656478 0.746350 0.656478 0.708637
2 0.630018 0.046837 0.609033 0.044404 0.531478 0.052920 0.509580 0.069951 0.496807 0.110097 0.629106 0.055353
4 0.401004 0.258516 0.392792 0.293796 0.373631 0.290146 0.300639 0.265815 0.243157 0.273114 0.223996 0.281630 0.213960 0.254866 0.225821 0.231752 0.361770 0.225669 0.396442 0.232968
4 0.427464 0.495742 0.414690 0.539538 0.401004 0.566302 0.360858 0.579684 0.359945 0.601582 0.338047 0.604015 0.327099 0.586983 0.306113 0.584550 0.270529 0.563869 0.244069 0.538321 0.239507 0.523723 0.260493 0.526156 0.324361 0.527372 0.387318 0.501825
3 0.476734 0.629562 0.490420 0.677007 0.496807 0.799878 0.493157 0.876521 0.471259 0.897202 0.421989 0.897202 0.405566 0.883820 0.395529 0.842457 0.269617 0.843674 0.223084 0.814477 0.196624 0.763382 0.197536 0.695255 0.229471 0.651460 0.294252 0.628345 0.407391 0.623479
4 0.261405 0.847324 0.288777 0.894769 0.344434 0.908151 0.387318 0.908151 0.407391 0.897202 0.398266 0.889903 0.392792 0.852190 0.322536 0.853406
