1 0.654080 0.001736 0.513455 0.058449 0.496962 0.102431 0.498698 0.140625 0.516059 0.178819 0.694010 0.240162 0.753906 0.235532 0.799045 0.208912 0.828559 0.163773 0.843316 0.130208 0.846788 0.079282 0.830295 0.034144 0.794705 0.000579
1 0.695747 0.365162 0.511719 0.438079 0.495226 0.457755 0.486545 0.484375 0.492622 0.527199 0.506510 0.560764 0.685330 0.605903 0.732205 0.595486 0.769531 0.579282 0.799045 0.543403 0.811198 0.495949 0.807726 0.447338 0.781684 0.398727 0.742622 0.372106
1 0.678385 0.728588 0.491753 0.808449 0.479601 0.840856 0.478733 0.874421 0.486545 0.907986 0.502170 0.925347 0.670573 0.964699 0.704427 0.964699 0.735677 0.950810 0.771267 0.926505 0.788628 0.890625 0.798177 0.847801 0.787760 0.799190 0.763455 0.766782 0.727865 0.742477
1 0.480469 0.995949 0.475260 0.949653 0.455295 0.932292 0.437066 0.920718 0.384115 0.924190 0.381510 0.897569 0.342448 0.879051 0.325955 0.906829 0.267795 0.914931 0.279080 0.868634 0.253038 0.872106 0.240017 0.903356 0.200955 0.912616 0.194878 0.949653 0.198275 0.998333
0 0.441406 0.803819 0.439670 0.831597 0.448351 0.854745 0.450087 0.891782 0.432726 0.913773 0.386719 0.919560 0.384983 0.870949 0.383247 0.839699 0.370226 0.823495 0.378038 0.811921 0.378906 0.777199 0.392795 0.788773
0 0.365885 0.774884 0.340712 0.842014 0.340712 0.868634 0.324219 0.906829 0.275608 0.913773 0.285156 0.867477 0.282552 0.825810 0.268663 0.813079 0.279080 0.804977 0.297309 0.754051
0 0.291233 0.772569 0.256510 0.838542 0.246094 0.855903 0.246962 0.881366 0.233941 0.902199 0.205295 0.906829 0.177517 0.906829 0.202691 0.854745 0.198351 0.818866 0.178385 0.814236 0.178385 0.802662 0.195747 0.798032 0.236545 0.735532
0 0.344184 0.412616 0.343316 0.529514 0.404080 0.516782 0.420573 0.501736 0.424913 0.468171 0.407552 0.433449 0.388455 0.419560
0 0.336372 0.432292 0.315538 0.433449 0.298177 0.417245 0.248698 0.412616 0.261719 0.441551 0.266927 0.493634 0.247830 0.521412 0.258247 0.528356 0.302517 0.513310 0.328559 0.513310 0.337240 0.487847
0 0.251302 0.432292 0.226997 0.431134 0.208767 0.418403 0.165365 0.414931 0.183594 0.443866 0.184462 0.493634 0.165365 0.520255 0.178385 0.524884 0.219184 0.516782 0.240885 0.516782 0.259115 0.491319
2 0.672309 0.287616 0.630642 0.273727 0.575955 0.279514 0.539497 0.299190 0.527344 0.316551 0.526476 0.345486 0.543837 0.373264 0.594184 0.383681 0.623698 0.384838 0.671441 0.364005 0.691406 0.345486 0.692274 0.317708
2 0.656684 0.598958 0.673177 0.620949 0.673177 0.655671 0.630642 0.682292 0.581163 0.690394 0.534288 0.677662 0.512587 0.651042 0.512587 0.619792 0.543837 0.595486 0.588108 0.582755
4 0.371962 0.151042 0.345052 0.168403 0.270399 0.183449 0.247830 0.191551 0.263455 0.147569 0.297309 0.124421 0.339844 0.117477 0.339844 0.101273 0.365017 0.103588 0.370226 0.119792 0.393663 0.126736 0.376302 0.137153
3 0.418837 0.123264 0.463108 0.119792 0.482205 0.133681 0.496962 0.169560 0.502170 0.228588 0.503906 0.311921 0.492622 0.375579 0.476128 0.406829 0.420573 0.412616 0.237413 0.392940 0.202691 0.366319 0.186198 0.326968 0.184462 0.269097 0.213108 0.222801 0.246962 0.199653 0.286024 0.184606 0.360677 0.171875 0.378038 0.147569 0.385851 0.137153
3 0.450955 0.515625 0.248698 0.543403 0.210503 0.565394 0.187934 0.597801 0.176649 0.630208 0.180990 0.667245 0.200955 0.700810 0.233941 0.728588 0.302517 0.749421 0.364149 0.762153 0.378906 0.773727 0.396267 0.786458 0.434462 0.798032 0.465712 0.793403 0.490885 0.776042 0.503038 0.732060 0.503906 0.631366 0.495226 0.553819 0.479601 0.526042
