1 0.477646 0.007908 0.485858 0.059002 0.508668 0.080900 0.537865 0.108881 0.661040 0.129562 0.721259 0.135645 0.788777 0.106448 0.836223 0.051703 0.854471 0.003041
1 0.661040 0.338808 0.618157 0.355839 0.566150 0.365572 0.518704 0.354623 0.493157 0.375304 0.478558 0.403285 0.475821 0.461679 0.482208 0.521290 0.498631 0.555353 0.525091 0.568735 0.565237 0.556569 0.597172 0.554136 0.629106 0.557786 0.692062 0.569951 0.745894 0.565085 0.794252 0.524939 0.820712 0.471411 0.818887 0.415450 0.784215 0.363139 0.737682 0.332725 0.694799 0.331509
1 0.610858 0.883820 0.627281 0.885036 0.703011 0.927616 0.780566 0.923966 0.864507 0.888686 0.898266 0.843674 0.900091 0.790146 0.867245 0.718370 0.764142 0.669708 0.694799 0.669708 0.614507 0.714720 0.518704 0.724453 0.494069 0.781630 0.491332 0.821776 0.525091 0.886253
1 0.476734 0.736618 0.503193 0.674574 0.503193 0.623479 0.473996 0.572384 0.381843 0.576034 0.322536 0.535888 0.263230 0.523723 0.187500 0.546837 0.136405 0.601582 0.124544 0.642944 0.130018 0.706204 0.183850 0.756083 0.240420 0.781630 0.309763 0.780414 0.383668 0.729319
1 0.528741 0.995742 0.518704 0.958029 0.494982 0.913017 0.408303 0.919100 0.338047 0.870438 0.252281 0.880170 0.186588 0.927616 0.171989 0.968978 0.173814 0.995742
4 0.427464 0.090633 0.391880 0.073601 0.307026 0.077251 0.258668 0.096715 0.246807 0.134428 0.274179 0.178224 0.401916 0.162409 0.411040 0.111314
4 0.437500 0.505474 0.422901 0.451946 0.389142 0.423966 0.359945 0.421533 0.356296 0.399635 0.326186 0.403285 0.327099 0.419100 0.291515 0.426399 0.271442 0.449513 0.256843 0.500608 0.286953 0.506691
2 0.655566 0.213504 0.669252 0.225669 0.671989 0.270681 0.669252 0.304745 0.640967 0.314477 0.582573 0.342457 0.491332 0.341241 0.496807 0.301095 0.509580 0.276764 0.509580 0.225669 0.554288 0.215937 0.611770 0.215937
2 0.666515 0.566302 0.674726 0.590633 0.675639 0.614964 0.644617 0.642944 0.588960 0.647810 0.550639 0.641727 0.520529 0.618613 0.506843 0.593066 0.511405 0.568735 0.525091 0.568735 0.568887 0.556569 0.595347 0.555353 0.631843 0.561436
3 0.482208 0.094282 0.499544 0.122263 0.507755 0.190389 0.506843 0.280414 0.494069 0.303528 0.484945 0.338808 0.457573 0.361922 0.278741 0.382603 0.238595 0.375304 0.196624 0.352190 0.171989 0.312044 0.178376 0.260949 0.207573 0.212287 0.265055 0.178224 0.401916 0.170925 0.410128 0.123479 0.417427 0.107664 0.444799 0.088200
