3 0.446615 0.468171 0.477865 0.484375 0.493490 0.523727 0.496962 0.627894 0.490017 0.704282 0.472656 0.730903 0.428385 0.740162 0.375434 0.728588 0.346788 0.711227 0.263455 0.696181 0.223524 0.676505 0.194878 0.640625 0.183594 0.592014 0.197483 0.534144 0.233073 0.498264 0.295573 0.482060
1 0.451823 0.095486 0.415365 0.110532 0.358941 0.105903 0.307726 0.096644 0.244358 0.109375 0.185330 0.167245 0.174045 0.237847 0.194878 0.298032 0.239149 0.330440 0.286024 0.337384 0.334635 0.323495 0.387587 0.304977 0.434462 0.300347 0.467448 0.306134 0.496094 0.291088 0.513455 0.237847 0.512587 0.167245 0.498698 0.114005 0.471788 0.089699
1 0.506510 0.004051 0.496094 0.044560 0.500434 0.090856 0.518663 0.114005 0.698351 0.174190 0.760851 0.159144 0.802517 0.107060 0.819010 0.051505 0.813802 0.004051
1 0.641059 0.710069 0.599392 0.721644 0.566406 0.729745 0.524740 0.728588 0.492622 0.722801 0.465712 0.759838 0.462240 0.804977 0.463108 0.859375 0.483941 0.914931 0.510851 0.936921 0.548177 0.920718 0.595052 0.916088 0.654948 0.926505 0.706163 0.929977 0.759983 0.916088 0.795573 0.879051 0.813802 0.833912 0.812934 0.785301 0.784288 0.735532 0.738281 0.704282 0.681858 0.700810
4 0.523003 0.270255 0.732205 0.272569 0.724392 0.586227 0.513455 0.580440
0 0.411024 0.004051 0.410156 0.029514 0.402344 0.048032 0.414497 0.104745 0.344184 0.098958 0.338976 0.064236 0.343316 0.048032 0.346788 0.026042 0.343316 0.004051
0 0.296441 0.008681 0.295573 0.035301 0.312934 0.086227 0.237413 0.102431 0.217448 0.072338 0.227865 0.057292 0.239149 0.063079 0.239149 0.043403 0.228733 0.001736
0 0.383247 0.324653 0.380642 0.351273 0.389323 0.375579 0.388455 0.419560 0.382378 0.442708 0.389323 0.464699 0.437066 0.462384 0.457031 0.435764 0.457031 0.405671 0.460503 0.387153 0.452691 0.354745 0.431858 0.328125
0 0.305990 0.410301 0.292101 0.446181 0.319010 0.440394 0.332031 0.465856 0.378038 0.457755 0.375434 0.441551 0.384983 0.412616 0.379774 0.390625 0.371094 0.373264 0.358073 0.345486 0.338108 0.329282 0.299045 0.336227 0.299913 0.364005 0.307726 0.375579
0 0.299045 0.387153 0.240885 0.368634 0.217448 0.345486 0.162760 0.343171 0.186198 0.377894 0.189670 0.428819 0.165365 0.439236 0.167969 0.446181 0.203559 0.447338 0.251302 0.470486 0.286892 0.461227 0.288628 0.443866
0 0.292101 0.758681 0.239149 0.824653 0.239149 0.844329 0.233941 0.873264 0.215712 0.882523 0.172309 0.884838 0.197483 0.837384 0.193142 0.798032 0.171441 0.794560 0.165365 0.777199 0.181858 0.776042 0.242622 0.696181 0.262587 0.699653 0.302517 0.712384
4 0.416233 0.846644 0.240017 0.858218 0.248698 0.994792 0.420573 0.993634
2 0.443142 0.743634 0.437066 0.791088 0.391059 0.808449 0.332899 0.796875 0.306858 0.781829 0.304253 0.745949 0.311198 0.713542 0.345052 0.711227 0.376302 0.733218 0.429253 0.740162
