0 0.850260 0.000579 0.845052 0.022569 0.792101 0.061921 0.792101 0.086227 0.842448 0.097801 0.850260 0.117477 0.755642 0.199653 0.716580 0.185764 0.670573 0.193866 0.670573 0.146412 0.736545 0.067708 0.791233 0.005208
0 0.761719 0.446181 0.834635 0.432292 0.833767 0.498264 0.821615 0.517940 0.772135 0.526042 0.683594 0.526042 0.641927 0.521412 0.636719 0.456597 0.758247 0.434606
2 0.634983 0.119792 0.656684 0.148727 0.658420 0.196181 0.541233 0.235532 0.519531 0.223958 0.514323 0.206597 0.518663 0.140625 0.544705 0.123264 0.595052 0.117477
2 0.563802 0.431134 0.602865 0.436921 0.625434 0.457755 0.634115 0.498264 0.627170 0.524884 0.603733 0.543403 0.515191 0.544560 0.493490 0.527199 0.496962 0.495949 0.495226 0.453125 0.524740 0.434606
4 0.751302 0.777199 0.757378 0.802662 0.729601 0.832755 0.674913 0.852431 0.625434 0.857060 0.623698 0.865162 0.591580 0.861690 0.591580 0.850116 0.555122 0.836227 0.506510 0.810764 0.495226 0.787616 0.522135 0.792245 0.552517 0.778356 0.601128 0.772569 0.666233 0.786458 0.720920 0.792245
4 0.421441 0.598958 0.396267 0.633681 0.363281 0.654514 0.343316 0.655671 0.343316 0.677662 0.315538 0.679977 0.312934 0.653356 0.279080 0.641782 0.256510 0.623264 0.253038 0.610532 0.305990 0.609375 0.338976 0.594329 0.386719 0.583912
4 0.419705 0.377894 0.391059 0.340856 0.352865 0.321181 0.347656 0.306134 0.320747 0.303819 0.319878 0.320023 0.290365 0.328125 0.257378 0.357060 0.255642 0.370949 0.301649 0.370949 0.342448 0.377894 0.395399 0.379051
3 0.507378 0.000579 0.516927 0.043403 0.516059 0.171875 0.509115 0.244792 0.484809 0.280671 0.417101 0.289931 0.251302 0.267940 0.212240 0.242477 0.186198 0.198495 0.188802 0.142940 0.218316 0.096644 0.272135 0.064236 0.341580 0.048032 0.377170 0.032986 0.398003 0.009838 0.402344 0.004051
1 0.454427 0.372106 0.398872 0.388310 0.363281 0.389468 0.318142 0.376736 0.293837 0.373264 0.243490 0.373264 0.198351 0.395255 0.166233 0.435764 0.156684 0.480903 0.157552 0.522569 0.176649 0.568866 0.208767 0.593171 0.249566 0.610532 0.307726 0.607060 0.338108 0.588542 0.386719 0.578125 0.430122 0.583912 0.461372 0.586227 0.483941 0.563079 0.488281 0.526042 0.494358 0.487847 0.490885 0.434606 0.475260 0.388310
1 0.444878 0.754051 0.398003 0.759838 0.351128 0.757523 0.280816 0.734375 0.223524 0.735532 0.166233 0.779514 0.144531 0.825810 0.147135 0.872106 0.163628 0.906829 0.194878 0.933449 0.248698 0.958912 0.291233 0.964699 0.348524 0.953125 0.403212 0.946181 0.440538 0.954282 0.467448 0.964699 0.490885 0.938079 0.499566 0.895255 0.497830 0.826968 0.489149 0.786458 0.463976 0.754051
1 0.611545 0.574653 0.578559 0.581597 0.514323 0.575810 0.489149 0.585069 0.470920 0.608218 0.464844 0.655671 0.466580 0.710069 0.475260 0.752894 0.490885 0.776042 0.515191 0.786458 0.537760 0.780671 0.567274 0.770255 0.599392 0.771412 0.667101 0.782986 0.724392 0.784144 0.779080 0.763310 0.812066 0.737847 0.832899 0.705440 0.839844 0.664931 0.832031 0.626736 0.808594 0.590856 0.766927 0.567708 0.712240 0.553819 0.665365 0.557292
1 0.794705 0.354745 0.771267 0.391782 0.733941 0.416088 0.687934 0.427662 0.645399 0.419560 0.504774 0.372106 0.490885 0.350116 0.487413 0.313079 0.490885 0.282986 0.504774 0.255208 0.541233 0.240162 0.664497 0.196181 0.700955 0.189236 0.736545 0.197338 0.769531 0.218171 0.797309 0.252894 0.804253 0.289931 0.804253 0.333912
