0 0.478125 0.286806 0.500000 0.147917 0.492708 0.079861 0.470833 0.052083 0.442708 0.054861 0.418750 0.082639 0.405208 0.150694 0.410417 0.260417 0.429167 0.268750 0.440625 0.252083 0.456250 0.247917 0.460417 0.275694
0 0.404167 0.254861 0.397917 0.164583 0.379167 0.075694 0.359375 0.040972 0.318750 0.039583 0.298958 0.078472 0.297917 0.136806 0.331250 0.238194
0 0.325000 0.232639 0.276042 0.106250 0.260417 0.070139 0.232292 0.059028 0.203125 0.078472 0.195833 0.170139 0.257292 0.254861 0.289583 0.240972
0 0.434375 0.538194 0.431250 0.489583 0.415625 0.468750 0.383333 0.461806 0.356250 0.475694 0.343750 0.502083 0.339583 0.561806 0.368750 0.546528 0.382292 0.532639 0.388542 0.511806 0.402083 0.510417 0.411458 0.552083 0.434375 0.552083
0 0.343750 0.488194 0.317708 0.463194 0.225000 0.459028 0.193750 0.471528 0.188542 0.525694 0.188542 0.556250 0.255208 0.536806 0.261458 0.549306 0.342708 0.529861 0.343750 0.504861
1 0.496875 0.715972 0.506250 0.671528 0.492708 0.617361 0.316667 0.559028 0.263542 0.565972 0.225000 0.586806 0.195833 0.629861 0.185417 0.674306 0.206250 0.721528 0.283333 0.771528 0.335417 0.774306
4 0.471875 0.732639 0.483333 0.796528 0.482292 0.839583 0.482292 0.849306 0.222917 0.832639 0.227083 0.779861 0.244792 0.747917 0.285417 0.779861 0.337500 0.774306
1 0.509375 0.295139 0.520833 0.343750 0.511458 0.389583 0.345833 0.456250 0.286458 0.453472 0.233333 0.424306 0.203125 0.370139 0.201042 0.332639 0.222917 0.290972 0.253125 0.257639 0.317708 0.235417 0.385417 0.254861
4 0.536458 0.161806 0.514583 0.161806 0.519792 0.090972 0.568750 0.046528 0.643750 0.036806 0.697917 0.054861 0.720833 0.084028 0.720833 0.115972 0.689583 0.150694 0.633333 0.139583 0.620833 0.120139 0.591667 0.120139 0.578125 0.134028
4 0.680208 0.243750 0.714583 0.220139 0.716667 0.196528 0.696875 0.163194 0.632292 0.142361 0.617708 0.124306 0.593750 0.125694 0.591667 0.145139 0.565625 0.154861 0.533333 0.172917 0.512500 0.206250 0.512500 0.249306 0.544792 0.252083 0.590625 0.229861 0.591667 0.217361 0.627083 0.217361 0.636458 0.232639
4 0.623958 0.217361 0.633333 0.234028 0.691667 0.247917 0.717708 0.296528 0.714583 0.315972 0.670833 0.336806 0.636458 0.328472 0.621875 0.309028 0.590625 0.309028 0.583333 0.327083 0.553125 0.335417 0.519792 0.331250 0.513542 0.299306 0.533333 0.267361 0.571875 0.242361 0.594792 0.236806 0.594792 0.221528
4 0.622917 0.309028 0.628125 0.329861 0.660417 0.342361 0.690625 0.359028 0.711458 0.382639 0.714583 0.410417 0.676042 0.417361 0.645833 0.413194 0.632292 0.399306 0.605208 0.403472 0.546875 0.418750 0.511458 0.410417 0.510417 0.395139 0.527083 0.375694 0.547917 0.352083 0.585417 0.331250 0.591667 0.311806
4 0.637500 0.397917 0.637500 0.415972 0.688542 0.436806 0.722917 0.465972 0.742708 0.490972 0.744792 0.511806 0.560417 0.511806 0.519792 0.513194 0.526042 0.484028 0.543750 0.443750 0.601042 0.428472 0.603125 0.411806
4 0.754167 0.520139 0.723958 0.515972 0.517708 0.520139 0.526042 0.574306 0.540625 0.589583 0.605208 0.602083 0.611458 0.622917 0.636458 0.625694 0.643750 0.606250 0.691667 0.592361 0.734375 0.564583
4 0.604167 0.613194 0.591667 0.629861 0.545833 0.624306 0.521875 0.632639 0.515625 0.715972 0.579167 0.734028 0.648958 0.736806 0.704167 0.735417 0.720833 0.720139 0.707292 0.685417 0.657292 0.624306 0.628125 0.631250
4 0.676042 0.738194 0.714583 0.795139 0.719792 0.828472 0.694792 0.840972 0.626042 0.842361 0.551042 0.829861 0.519792 0.814583 0.510417 0.756250 0.515625 0.722917 0.580208 0.735417 0.652083 0.739583
4 0.518750 0.822917 0.516667 0.879861 0.546875 0.917361 0.604167 0.938194 0.667708 0.938194 0.708333 0.932639 0.721875 0.911806 0.715625 0.882639 0.695833 0.847917 0.625000 0.847917 0.551042 0.832639
4 0.695833 0.935417 0.716667 0.968750 0.717708 0.993750 0.533333 0.992361 0.515625 0.970139 0.517708 0.889583 0.547917 0.924306 0.602083 0.940972 0.670833 0.942361
1 0.498958 0.935417 0.508333 0.989583 0.505208 0.997917 0.206250 0.995139 0.198958 0.954861 0.206250 0.904861 0.239583 0.874306 0.283333 0.856250 0.321875 0.856250
