3 0.468750 0.642361 0.489583 0.667361 0.497917 0.732639 0.500000 0.842361 0.487500 0.918750 0.466667 0.924306 0.410417 0.927083 0.395833 0.913194 0.380208 0.865972 0.367708 0.856250 0.284375 0.854861 0.237500 0.835417 0.209375 0.802083 0.194792 0.756250 0.197917 0.720139 0.212500 0.678472 0.235417 0.652083 0.414583 0.638194
4 0.254167 0.850694 0.261458 0.995139 0.447917 0.995139 0.442708 0.932639 0.403125 0.935417 0.393750 0.924306 0.376042 0.865972 0.350000 0.860417 0.284375 0.861806
0 0.384375 0.514583 0.379167 0.568750 0.345833 0.603472 0.325000 0.629861 0.302083 0.642361 0.278125 0.634028 0.265625 0.611806 0.257292 0.540972 0.328125 0.513194 0.344792 0.511806 0.356250 0.520139
0 0.669792 0.352083 0.572917 0.406250 0.557292 0.432639 0.551042 0.475694 0.596875 0.456250 0.603125 0.470139 0.750000 0.434028 0.738542 0.375694 0.722917 0.349306 0.693750 0.340972
0 0.401042 0.335417 0.379167 0.235417 0.361458 0.163194 0.345833 0.138194 0.323958 0.134028 0.304167 0.142361 0.291667 0.161806 0.287500 0.185417 0.281250 0.228472 0.290625 0.246528 0.313542 0.293750 0.335417 0.293750 0.364583 0.313194
1 0.393750 0.002083 0.404167 0.007639 0.475000 0.003472 0.503125 0.059028 0.503125 0.090972 0.475000 0.153472 0.382292 0.152083 0.368750 0.164583 0.346875 0.131250 0.321875 0.128472 0.305208 0.143750 0.291667 0.165972 0.287500 0.185417 0.245833 0.181250 0.203125 0.140972 0.182292 0.095139 0.182292 0.043750 0.215625 0.000694
1 0.710417 0.106250 0.529167 0.179861 0.509375 0.195139 0.496875 0.231250 0.496875 0.278472 0.511458 0.309028 0.655208 0.346528 0.693750 0.334028 0.737500 0.350694 0.800000 0.321528 0.826042 0.267361 0.830208 0.211806 0.816667 0.157639 0.781250 0.122917 0.729167 0.106250
1 0.706250 0.490972 0.535417 0.540972 0.513542 0.559028 0.495833 0.593750 0.491667 0.640972 0.500000 0.678472 0.520833 0.692361 0.531250 0.714583 0.619792 0.729861 0.731250 0.757639 0.775000 0.752083 0.838542 0.703472 0.875000 0.660417 0.881250 0.629861 0.864583 0.572917 0.814583 0.527083 0.748958 0.495139
1 0.489583 0.992361 0.490625 0.956250 0.511458 0.903472 0.694792 0.846528 0.741667 0.853472 0.790625 0.900694 0.810417 0.954861 0.808333 0.996528
1 0.475000 0.331250 0.503125 0.393750 0.501042 0.425694 0.471875 0.486806 0.381250 0.481250 0.351042 0.503472 0.293750 0.514583 0.228125 0.492361 0.190625 0.460417 0.175000 0.420139 0.179167 0.382639 0.196875 0.342361 0.237500 0.311806 0.298958 0.300694 0.360417 0.315972 0.400000 0.340972
2 0.530208 0.722917 0.539583 0.774306 0.683333 0.781250 0.702083 0.767361 0.704167 0.759028
2 0.696875 0.102083 0.690625 0.070139 0.656250 0.053472 0.607292 0.050694 0.562500 0.064583 0.542708 0.085417 0.536458 0.111806 0.527083 0.154861 0.531250 0.171528
