1 0.515899 0.003655 0.481908 0.013889 0.468750 0.062135 0.473136 0.120614 0.666118 0.198099 0.741776 0.199561 0.806469 0.170322 0.854715 0.092836 0.856908 0.034357 0.833882 0.003655
1 0.410636 0.164474 0.436952 0.149854 0.469846 0.148392 0.496162 0.183480 0.506031 0.250731 0.499452 0.312135 0.484101 0.354532 0.457785 0.369152 0.427083 0.367690 0.393092 0.363304 0.354715 0.366228 0.320724 0.379386 0.253838 0.388158 0.201206 0.363304 0.159539 0.303363 0.161732 0.240497 0.192434 0.179094 0.234101 0.149854 0.295504 0.144006 0.356908 0.163012
1 0.503838 0.528509 0.515899 0.579678 0.506031 0.633772 0.347039 0.699561 0.302083 0.705409 0.251645 0.701023 0.197917 0.664474 0.168311 0.619152 0.165022 0.572368 0.186952 0.525585 0.231908 0.490497 0.283443 0.471491 0.332785 0.474415 0.476425 0.528509
1 0.737390 0.649854 0.685855 0.649854 0.624452 0.671784 0.582785 0.676170 0.533443 0.670322 0.503838 0.683480 0.485197 0.724415 0.483004 0.796053 0.499452 0.857456 0.523575 0.883772 0.550987 0.883772 0.583882 0.875000 0.625548 0.872076 0.673794 0.880848 0.716557 0.889620 0.768092 0.875000 0.814145 0.832602 0.831689 0.798977 0.834978 0.740497 0.808662 0.689327 0.763706 0.654240
4 0.515899 0.293129 0.510417 0.341374 0.553180 0.358918 0.673794 0.358918 0.720943 0.345760 0.716557 0.313596 0.684759 0.274123 0.632127 0.259503 0.626645 0.243421 0.598136 0.243421 0.586075 0.259503 0.558662 0.265351
4 0.620066 0.522661 0.633224 0.541667 0.659539 0.541667 0.691338 0.579678 0.717654 0.620614 0.713268 0.638158 0.678180 0.641082 0.580592 0.639620 0.533443 0.633772 0.513706 0.619152 0.516996 0.576754 0.516996 0.556287 0.530154 0.540205 0.580592 0.544591 0.594846 0.525585
4 0.703399 0.888158 0.709978 0.913012 0.693531 0.929094 0.649671 0.942251 0.570724 0.937865 0.509320 0.911550 0.506031 0.877924 0.522478 0.885234 0.548794 0.888158 0.588268 0.880848 0.624452 0.876462 0.672697 0.880848
3 0.452303 0.791667 0.290022 0.793129 0.235197 0.809211 0.194627 0.851608 0.182566 0.913012 0.204496 0.961257 0.248781 0.998333 0.498355 0.997807 0.495066 0.905702 0.490680 0.842836 0.470943 0.807749
2 0.530154 0.391082 0.549890 0.481725 0.561952 0.496345 0.742873 0.487573 0.756031 0.477339 0.773575 0.369152 0.760417 0.360380 0.536732 0.372076
2 0.420504 0.674708 0.446820 0.677632 0.446820 0.690789 0.434759 0.769737 0.420504 0.778509 0.344846 0.775585 0.272478 0.760965 0.264803 0.744883 0.259320 0.705409 0.303180 0.709795 0.348136 0.701023
2 0.433662 0.391082 0.452303 0.408626 0.419408 0.490497 0.399671 0.494883 0.331689 0.474415 0.283443 0.468567 0.251645 0.472953 0.249452 0.391082 0.318531 0.383772
2 0.434759 0.145468 0.423794 0.095760 0.268092 0.091374 0.257127 0.139620 0.298794 0.136696 0.354715 0.158626 0.409539 0.157164
