1 0.512500 0.568750 0.519792 0.527083 0.510417 0.485417 0.335417 0.418750 0.284375 0.422917 0.233333 0.454861 0.208333 0.486806 0.202083 0.534028 0.218750 0.582639 0.253125 0.614583 0.312500 0.635417 0.390625 0.618750
1 0.493750 0.796528 0.507292 0.843750 0.498958 0.882639 0.347917 0.938194 0.271875 0.935417 0.219792 0.893750 0.198958 0.847917 0.198958 0.799306 0.236458 0.747917 0.251042 0.743750 0.269792 0.768750 0.295833 0.738194 0.335417 0.735417 0.344792 0.777083 0.367708 0.772917 0.372917 0.756250
4 0.518750 0.867361 0.513542 0.952083 0.564583 0.995139 0.709375 0.996528 0.719792 0.975694 0.714583 0.938194 0.687500 0.907639 0.633333 0.911806 0.568750 0.897917
4 0.589583 0.777083 0.550000 0.757639 0.530208 0.757639 0.514583 0.792361 0.514583 0.814583 0.523958 0.863194 0.571875 0.890972 0.633333 0.904861 0.693750 0.909028 0.715625 0.900694 0.718750 0.868750 0.695833 0.825694 0.666667 0.781250 0.652083 0.782639 0.640625 0.796528 0.609375 0.792361 0.602083 0.775694
4 0.638542 0.789583 0.638542 0.775694 0.684375 0.775694 0.730208 0.746528 0.745833 0.729861 0.751042 0.702083 0.743750 0.692361 0.727083 0.706250 0.564583 0.710417 0.523958 0.696528 0.531250 0.738194 0.551042 0.756250 0.602083 0.772917 0.614583 0.792361
4 0.737500 0.665972 0.740625 0.685417 0.720833 0.703472 0.562500 0.706250 0.525000 0.690972 0.517708 0.640972 0.529167 0.595139 0.545833 0.595139 0.594792 0.588194 0.602083 0.578472 0.632292 0.574306 0.639583 0.597917 0.665625 0.585417
4 0.712500 0.564583 0.693750 0.521528 0.638542 0.485417 0.623958 0.485417 0.620833 0.468750 0.586458 0.465972 0.580208 0.479861 0.527083 0.486806 0.520833 0.497917 0.526042 0.524306 0.520833 0.556250 0.571875 0.565972
4 0.630208 0.468750 0.671875 0.478472 0.718750 0.467361 0.698958 0.432639 0.661458 0.400694 0.630208 0.393750 0.628125 0.375694 0.589583 0.368750 0.583333 0.389583 0.528125 0.407639 0.514583 0.427083 0.513542 0.470139
4 0.629167 0.371528 0.586458 0.365972 0.560417 0.388194 0.507292 0.385417 0.509375 0.334028 0.585417 0.302083 0.586458 0.279861 0.626042 0.278472 0.626042 0.299306 0.676042 0.315972 0.704167 0.342361 0.714583 0.378472 0.659375 0.396528 0.634375 0.393750
4 0.661458 0.307639 0.712500 0.285417 0.715625 0.254861 0.684375 0.214583 0.626042 0.200694 0.626042 0.182639 0.600000 0.188194 0.595833 0.199306 0.552083 0.213194 0.528125 0.231250 0.508333 0.271528 0.508333 0.302083 0.577083 0.304861 0.580208 0.279861 0.626042 0.275694 0.626042 0.293750
4 0.416667 0.040972 0.385417 0.010417 0.287500 0.007639 0.271875 0.025694 0.251042 0.063194 0.256250 0.086806 0.294792 0.071528 0.393750 0.063194
3 0.504167 0.002083 0.518750 0.025694 0.522917 0.082639 0.523958 0.147917 0.512500 0.235417 0.509375 0.272917 0.482292 0.286806 0.454167 0.278472 0.419792 0.286806 0.375000 0.296528 0.353125 0.260417 0.314583 0.267361 0.291667 0.288194 0.243750 0.275694 0.204167 0.234028 0.191667 0.196528 0.200000 0.153472 0.225000 0.111806 0.258333 0.092361 0.301042 0.078472 0.404167 0.071528 0.420833 0.045139 0.427083 0.013194 0.439948 0.000000
0 0.425000 0.609028 0.436458 0.653472 0.434375 0.774306 0.414583 0.771528 0.402083 0.715972 0.370833 0.713194 0.363542 0.771528 0.341667 0.771528 0.352083 0.703472 0.372917 0.629861
0 0.448958 0.385417 0.453125 0.396528 0.458333 0.425694 0.478125 0.425694 0.500000 0.374306 0.489583 0.304861 0.468750 0.284028 0.446875 0.282639 0.423958 0.299306 0.408333 0.328472 0.402083 0.381250 0.408333 0.431250 0.427083 0.427083 0.432292 0.396528
0 0.392708 0.417361 0.404167 0.414583 0.398958 0.371528 0.373958 0.299306 0.355208 0.270139 0.325000 0.268750 0.303125 0.281250 0.292708 0.363194 0.340625 0.414583 0.357292 0.415972 0.354167 0.393750 0.367708 0.378472 0.381250 0.393750
0 0.318750 0.413194 0.297917 0.402083 0.284375 0.421528 0.188542 0.384028 0.190625 0.313194 0.212500 0.284028 0.243750 0.282639 0.292708 0.328472 0.289583 0.363194
0 0.353125 0.638194 0.272917 0.767361 0.262500 0.757639 0.254167 0.714583 0.221875 0.746528 0.218750 0.760417 0.191667 0.774306 0.190625 0.742361 0.196875 0.697917 0.272917 0.625694 0.313542 0.634028
