0 0.635417 0.002193 0.621162 0.060673 0.621162 0.086988 0.643092 0.101608 0.640899 0.122076 0.627741 0.125000 0.606908 0.177632 0.520285 0.167398 0.558662 0.088450 0.557566 0.048977 0.572917 0.012427
0 0.734101 0.008041 0.709978 0.070906 0.709978 0.098684 0.734101 0.107456 0.734101 0.129386 0.717654 0.133772 0.689145 0.167398 0.616776 0.183480 0.649671 0.110380 0.643092 0.070906 0.658443 0.044591 0.674890 0.019737
0 0.718750 0.082602 0.739583 0.054825 0.751645 0.025585 0.768092 0.003655 0.831689 0.002193 0.787829 0.060673 0.790022 0.088450 0.819627 0.092836 0.830592 0.110380 0.804276 0.117690 0.763706 0.164474 0.717654 0.157164 0.748355 0.122076 0.738487 0.107456
0 0.815241 0.418860 0.813048 0.446637 0.779057 0.455409 0.781250 0.496345 0.818531 0.527047 0.813048 0.538743 0.752741 0.531433 0.743969 0.516813 0.716557 0.516813 0.692434 0.499269 0.694627 0.467105 0.731908 0.434942 0.741776 0.436404 0.763706 0.427632
0 0.714364 0.421784 0.711075 0.440789 0.682566 0.461257 0.686952 0.512427 0.717654 0.527047 0.715461 0.534357 0.657346 0.531433 0.639803 0.528509 0.618969 0.528509 0.604715 0.490497 0.615680 0.439327 0.643092 0.439327 0.668311 0.432018
0 0.592654 0.410088 0.610197 0.407164 0.610197 0.437865 0.595943 0.451023 0.594846 0.490497 0.611294 0.521199 0.609101 0.534357 0.566338 0.529971 0.545504 0.521199 0.512610 0.516813 0.497259 0.500731 0.501645 0.448099 0.526864 0.432018 0.550987 0.432018 0.572917 0.411550
0 0.758224 0.771199 0.776864 0.793129 0.799890 0.791667 0.796601 0.819444 0.763706 0.820906 0.765899 0.850146 0.803180 0.888158 0.803180 0.914474 0.753838 0.914474 0.729715 0.892544 0.716557 0.855994 0.695724 0.841374 0.717654 0.779971
0 0.659539 0.768275 0.675987 0.791667 0.699013 0.797515 0.697917 0.826754 0.671601 0.826754 0.673794 0.850146 0.690241 0.882310 0.701206 0.920322 0.646382 0.911550 0.623355 0.883772 0.618969 0.854532 0.605811 0.831140 0.622259 0.800439 0.606908 0.762427
0 0.582785 0.752193 0.612390 0.793129 0.609101 0.819444 0.595943 0.819444 0.594846 0.839912 0.622259 0.910088 0.567434 0.908626 0.542215 0.892544 0.535636 0.850146 0.533443 0.835526 0.503838 0.765351 0.514803 0.733187 0.534539 0.749269
0 0.434759 0.548977 0.443531 0.588450 0.431469 0.608918 0.431469 0.641082 0.411732 0.668860 0.347039 0.679094 0.358004 0.633772 0.358004 0.594298 0.352522 0.567982 0.378838 0.537281
0 0.342654 0.565058 0.348136 0.633772 0.331689 0.654240 0.313048 0.674708 0.257127 0.690789 0.272478 0.651316 0.272478 0.598684 0.257127 0.595760 0.251645 0.575292 0.294408 0.576754
0 0.262610 0.642544 0.237390 0.655702 0.226425 0.680556 0.201206 0.695175 0.167215 0.696637 0.192434 0.654240 0.188048 0.610380 0.165022 0.604532 0.160636 0.582602 0.189145 0.579678 0.216557 0.563596 0.245066 0.584064
1 0.563048 0.563596 0.508224 0.597222 0.491776 0.641082 0.488487 0.687865 0.501645 0.711257 0.518092 0.718567 0.532346 0.743421 0.581689 0.746345 0.716557 0.772661 0.772478 0.759503 0.824013 0.718567 0.848136 0.683480 0.851425 0.632310 0.832785 0.585526 0.785636 0.551901 0.734101 0.532895 0.634320 0.547515
1 0.647478 0.392544 0.700110 0.410088 0.754934 0.414474 0.813048 0.395468 0.860197 0.361842 0.884320 0.316520 0.888706 0.268275 0.863487 0.208333 0.800987 0.170322 0.731908 0.161550 0.637610 0.190789 0.600329 0.190789 0.549890 0.176170 0.513706 0.183480 0.490680 0.225877 0.487390 0.288743 0.492873 0.361842 0.509320 0.392544 0.535636 0.405702 0.577303 0.388158
1 0.355811 0.345760 0.483004 0.395468 0.493969 0.445175 0.487390 0.491959 0.337171 0.560673 0.286732 0.569444 0.231908 0.567982 0.193531 0.553363 0.157346 0.521199 0.135417 0.470029 0.137610 0.417398 0.192434 0.350146 0.250548 0.328216 0.305373 0.325292
1 0.463268 0.034357 0.476425 0.051901 0.498355 0.070906 0.499452 0.125000 0.487390 0.167398 0.440241 0.198099 0.316338 0.237573 0.265899 0.233187 0.203399 0.192251 0.190241 0.138158 0.207785 0.073830 0.264803 0.029971 0.333882 0.013889
2 0.430373 0.246345 0.241776 0.252193 0.230811 0.272661 0.240680 0.326754 0.306469 0.319444 0.355811 0.338450 0.405154 0.354532 0.417215 0.345760
2 0.418311 0.949561 0.409539 0.971491 0.258224 0.962719 0.251645 0.942251 0.240680 0.866228 0.275768 0.889620 0.353618 0.907164 0.376645 0.946637
3 0.377741 0.933480 0.360197 0.902778 0.326206 0.886696 0.238487 0.869152 0.202303 0.838450 0.178180 0.804825 0.169408 0.760965 0.183662 0.720029 0.235197 0.680556 0.259320 0.696637 0.333882 0.667398 0.361294 0.683480 0.435855 0.667398 0.483004 0.686404 0.495066 0.737573 0.496162 0.807749 0.496162 0.894006 0.481908 0.937865 0.454496 0.955409
