1 0.628038 0.015625 0.523003 0.053819 0.508247 0.080440 0.503038 0.112847 0.505642 0.141782 0.517795 0.175347 0.571615 0.197338 0.657552 0.226273 0.706163 0.241319 0.754774 0.229745 0.799913 0.196181 0.821615 0.148727 0.828559 0.085069 0.815538 0.036458 0.771267 0.001736 0.665365 0.002894
1 0.728733 0.375579 0.682726 0.368634 0.591580 0.397569 0.489149 0.431134 0.474392 0.465856 0.474392 0.502894 0.484809 0.541088 0.499566 0.553819 0.667101 0.615162 0.713108 0.614005 0.762587 0.588542 0.785156 0.560764 0.802517 0.517940 0.801649 0.467014 0.789497 0.423032 0.759115 0.396412
1 0.710503 0.728588 0.629774 0.733218 0.493490 0.795718 0.479601 0.833912 0.480469 0.864005 0.498698 0.901042 0.673177 0.949653 0.726997 0.943866 0.774740 0.912616 0.792101 0.868634 0.793837 0.822338 0.778212 0.778356 0.753906 0.749421
2 0.635851 0.294560 0.594184 0.285301 0.526476 0.292245 0.509983 0.303819 0.507378 0.340856 0.504774 0.369792 0.516927 0.394097 0.560330 0.399884 0.592448 0.395255 0.639323 0.381366 0.650608 0.344329 0.642795 0.310764
0 0.827691 0.239005 0.819010 0.265625 0.779948 0.279514 0.769531 0.295718 0.769531 0.325810 0.825955 0.339699 0.826823 0.362847 0.753906 0.387153 0.729601 0.372106 0.680990 0.365162 0.648872 0.369792 0.658420 0.342014 0.654080 0.308449 0.775608 0.242477
2 0.635851 0.603588 0.647135 0.616319 0.648003 0.651042 0.638455 0.683449 0.612413 0.703125 0.526476 0.691551 0.512587 0.676505 0.508247 0.616319 0.517795 0.594329 0.565538 0.587384 0.588108 0.588542
2 0.642795 0.949653 0.635851 0.972801 0.615885 0.986690 0.531684 0.984375 0.508247 0.971644 0.502170 0.946181 0.501302 0.912616 0.511719 0.910301
0 0.746094 0.605903 0.828559 0.647569 0.825087 0.667245 0.779948 0.676505 0.766059 0.690394 0.768663 0.720486 0.822483 0.741319 0.829427 0.771412 0.786024 0.767940 0.756510 0.747106 0.653212 0.679977 0.657552 0.653356 0.654948 0.618634 0.667969 0.618634 0.714844 0.616319
4 0.476128 0.060764 0.359809 0.043403 0.240885 0.054977 0.201823 0.073495 0.210503 0.100116 0.252170 0.170718 0.275608 0.186921 0.356337 0.173032 0.374566 0.160301 0.392795 0.140625 0.435330 0.130208 0.479601 0.127894
4 0.417101 0.453125 0.396267 0.492477 0.371094 0.510995 0.354601 0.510995 0.351128 0.527199 0.315538 0.534144 0.312934 0.513310 0.271267 0.493634 0.244358 0.469329 0.240885 0.435764 0.412760 0.436921
4 0.380642 0.792245 0.347656 0.803819 0.345920 0.818866 0.310330 0.818866 0.310330 0.796875 0.272135 0.784144 0.251302 0.752894 0.243490 0.737847 0.282552 0.755208 0.342448 0.766782 0.367622 0.773727
3 0.374566 0.161458 0.393663 0.148727 0.435330 0.133681 0.478733 0.135995 0.497830 0.157986 0.506510 0.196181 0.509983 0.257523 0.501302 0.335069 0.495226 0.394097 0.475260 0.413773 0.417101 0.420718 0.291233 0.407986 0.241753 0.395255 0.207899 0.370949 0.189670 0.329282 0.186198 0.291088 0.196615 0.248264 0.233073 0.211227 0.260851 0.193866 0.360677 0.174190
3 0.457031 0.524884 0.272135 0.541088 0.226997 0.559606 0.206163 0.585069 0.194010 0.625579 0.194010 0.656829 0.201823 0.684606 0.229601 0.719329 0.246094 0.734375 0.284288 0.749421 0.337240 0.760995 0.365017 0.764468 0.384115 0.780671 0.395399 0.796875 0.436198 0.804977 0.471788 0.806134 0.495226 0.792245 0.503906 0.755208 0.510851 0.714699 0.510851 0.684606 0.506510 0.618634 0.496094 0.558449 0.482205 0.539931
3 0.430122 0.838542 0.268663 0.847801 0.226997 0.868634 0.203559 0.902199 0.198351 0.943866 0.203559 0.979745 0.211372 0.994792 0.502170 0.995949 0.499566 0.958912 0.494358 0.898727 0.481337 0.868634 0.478733 0.848958 0.456163 0.836227
