3 0.428385 0.098958 0.479601 0.100116 0.502170 0.123264 0.510851 0.195023 0.506510 0.285301 0.503038 0.333912 0.474392 0.351273 0.470052 0.373264 0.282552 0.381366 0.258247 0.369792 0.220052 0.345486 0.197483 0.301505 0.202691 0.250579 0.220052 0.207755 0.244358 0.179977 0.284288 0.161458 0.391927 0.154514 0.405816 0.116319
1 0.475260 0.001736 0.463108 0.039931 0.472656 0.094329 0.682726 0.192708 0.753906 0.182292 0.806858 0.142940 0.833767 0.100116 0.844184 0.059606 0.842448 0.016782 0.824826 0.000000
1 0.675781 0.289931 0.475260 0.352431 0.465712 0.401042 0.476997 0.461227 0.680990 0.549190 0.731337 0.554977 0.802517 0.528356 0.848524 0.492477 0.870226 0.451968 0.870226 0.404514 0.852865 0.352431 0.814670 0.322338 0.753038 0.288773
1 0.644531 0.678819 0.454427 0.765625 0.445747 0.818866 0.463108 0.865162 0.666233 0.927662 0.714844 0.928819 0.768663 0.912616 0.805990 0.879051 0.831163 0.850116 0.840712 0.813079 0.828559 0.766782 0.789497 0.713542 0.733941 0.682292 0.685330 0.669560
1 0.497830 0.882523 0.497830 0.998264 0.233073 0.995949 0.211372 0.980903 0.191406 0.942708 0.180990 0.905671 0.188802 0.868634 0.209635 0.831597 0.264323 0.799190 0.440538 0.798032 0.441406 0.820023 0.463108 0.868634
2 0.498698 0.882523 0.502170 0.913773 0.519531 0.938079 0.564670 0.953125 0.616753 0.956597 0.641059 0.943866 0.645399 0.931134 0.637587 0.927662 0.511719 0.883681
2 0.662760 0.593171 0.653212 0.624421 0.635851 0.635995 0.537760 0.633681 0.518663 0.617477 0.512587 0.578125 0.509983 0.550347 0.518663 0.530671 0.587240 0.521412 0.624566 0.527199 0.662760 0.549190
2 0.665365 0.285301 0.667101 0.266782 0.657552 0.239005 0.635851 0.217014 0.540365 0.217014 0.520399 0.237847 0.512587 0.272569 0.515191 0.308449 0.519531 0.338542
4 0.421441 0.089699 0.403212 0.079282 0.362413 0.079282 0.337240 0.092014 0.319878 0.119792 0.316406 0.157986 0.391059 0.153356 0.403212 0.111690
4 0.345052 0.383681 0.332031 0.414931 0.333767 0.442708 0.335503 0.463542 0.470052 0.465856 0.474392 0.449653 0.461372 0.397569 0.461372 0.385995 0.455295 0.376736
4 0.455295 0.710069 0.444010 0.748264 0.424045 0.774884 0.395399 0.787616 0.358941 0.782986 0.330295 0.755208 0.319010 0.719329 0.318142 0.683449 0.396267 0.682292 0.410156 0.700810 0.424913 0.713542
0 0.314670 0.708912 0.252170 0.777199 0.247830 0.802662 0.217448 0.829282 0.179253 0.835069 0.199219 0.781829 0.195747 0.742477 0.174913 0.737847 0.174913 0.721644 0.190538 0.723958 0.237413 0.669560 0.270399 0.685764 0.312934 0.685764
0 0.324219 0.401042 0.325955 0.435764 0.312934 0.462384 0.265191 0.472801 0.222656 0.458912 0.189670 0.457755 0.190538 0.439236 0.213976 0.433449 0.213108 0.388310 0.194010 0.365162 0.194010 0.345486 0.225260 0.352431 0.245226 0.362847 0.262587 0.379051
0 0.309462 0.152199 0.252170 0.049190 0.248698 0.030671 0.246094 0.004051 0.178385 0.000579 0.197483 0.038773 0.196615 0.061921 0.180990 0.064236 0.169705 0.087384 0.189670 0.090856 0.237413 0.182292 0.253038 0.171875 0.283420 0.156829
3 0.473524 0.464699 0.492622 0.471644 0.503906 0.597801 0.500434 0.681134 0.483073 0.705440 0.421441 0.708912 0.408420 0.698495 0.398003 0.683449 0.277344 0.682292 0.229601 0.663773 0.195747 0.634838 0.183594 0.594329 0.184462 0.556134 0.203559 0.516782 0.246094 0.477431 0.286892 0.471644
