1 0.729601 0.141782 0.527344 0.212384 0.514323 0.237847 0.509983 0.288773 0.516927 0.330440 0.557726 0.351273 0.693142 0.389468 0.738281 0.397569 0.799913 0.372106 0.829427 0.333912 0.848524 0.285301 0.846788 0.229745 0.825955 0.188079 0.789497 0.155671
1 0.700087 0.548032 0.531684 0.618634 0.520399 0.645255 0.514323 0.690394 0.525608 0.726273 0.551649 0.745949 0.711372 0.792245 0.742622 0.791088 0.785156 0.778356 0.828559 0.743634 0.845052 0.699653 0.847656 0.655671 0.832031 0.609375 0.805990 0.575810 0.766059 0.556134
1 0.512587 0.990162 0.521267 0.965856 0.536892 0.948495 0.709635 0.894097 0.754774 0.892940 0.792969 0.927662 0.817274 0.962384 0.827896 0.998333
4 0.440538 0.309606 0.424913 0.273727 0.373698 0.244792 0.371094 0.223958 0.343316 0.225116 0.342448 0.241319 0.298177 0.255208 0.271267 0.280671 0.259115 0.304977 0.286892 0.340856 0.348524 0.328125 0.386719 0.318866
2 0.621094 0.412616 0.584635 0.409144 0.545573 0.416088 0.513455 0.432292 0.503906 0.448495 0.505642 0.480903 0.518663 0.499421 0.550781 0.512153 0.588976 0.517940 0.623698 0.513310 0.655816 0.495949 0.669705 0.471644 0.660156 0.438079
2 0.667101 0.776042 0.658420 0.801505 0.634983 0.813079 0.595920 0.820023 0.554253 0.818866 0.523872 0.802662 0.503038 0.773727 0.505642 0.742477 0.529080 0.730903 0.548177 0.748264
3 0.454427 0.314236 0.466580 0.323495 0.488281 0.347801 0.499566 0.414931 0.500434 0.490162 0.491753 0.538773 0.476128 0.571181 0.437934 0.579282 0.348524 0.566551 0.246962 0.550347 0.216580 0.532986 0.187934 0.495949 0.183594 0.457755 0.187934 0.412616 0.207899 0.376736 0.235677 0.353588 0.287760 0.339699 0.353733 0.331597 0.378906 0.321181 0.407552 0.318866
3 0.457899 0.656829 0.478733 0.668403 0.492622 0.713542 0.497830 0.781829 0.498698 0.881366 0.490017 0.924190 0.472656 0.939236 0.422309 0.945023 0.393663 0.935764 0.375434 0.916088 0.358941 0.902199 0.260851 0.883681 0.228733 0.865162 0.203559 0.835069 0.192274 0.792245 0.195747 0.739005 0.223524 0.704282 0.265191 0.681134 0.265191 0.707755 0.325955 0.696181 0.341580 0.664931 0.375434 0.663773 0.378906 0.703125 0.434462 0.688079 0.453559 0.670718
0 0.447483 0.589699 0.450955 0.615162 0.451823 0.655671 0.445747 0.679977 0.430122 0.688079 0.383247 0.695023 0.382378 0.659144 0.381510 0.608218 0.376302 0.586227 0.384983 0.575810
0 0.365885 0.625579 0.341580 0.651042 0.337240 0.675347 0.324219 0.693866 0.298177 0.698495 0.267795 0.700810 0.278212 0.659144 0.277344 0.616319 0.268663 0.587384 0.287760 0.588542 0.307726 0.565394 0.350260 0.575810
0 0.272135 0.651042 0.250434 0.663773 0.240017 0.683449 0.230469 0.696181 0.206163 0.701968 0.176649 0.703125 0.195747 0.666088 0.194010 0.619792 0.175781 0.610532 0.175781 0.595486 0.200955 0.594329 0.252170 0.564236 0.266927 0.597801
