3 0.498631 0.001825 0.503193 0.096715 0.499544 0.135645 0.494982 0.152676 0.487682 0.206204 0.479471 0.237835 0.440237 0.257299 0.306113 0.280414 0.254106 0.281630 0.198449 0.254866 0.169252 0.208637 0.168339 0.164842 0.200274 0.108881 0.257755 0.076034 0.316150 0.065085 0.395529 0.056569 0.400091 0.015207 0.405566 0.003041
2 0.681113 0.194039 0.675639 0.163625 0.639142 0.142944 0.583485 0.133212 0.526004 0.157543 0.508668 0.175791 0.497719 0.245134 0.519617 0.271898 0.539690 0.240268 0.567062 0.225669 0.577099 0.234185
1 0.737682 0.175791 0.575274 0.239051 0.564325 0.229319 0.539690 0.246350 0.519617 0.285280 0.513230 0.327859 0.515967 0.359489 0.532391 0.382603 0.544252 0.405718 0.626369 0.428832 0.734945 0.445864 0.775091 0.438564 0.835310 0.414234 0.872719 0.377737 0.893704 0.349757 0.902828 0.305961 0.889142 0.257299 0.848996 0.213504 0.796989 0.185523
2 0.588047 0.450730 0.543339 0.460462 0.520529 0.483577 0.522354 0.512774 0.536953 0.538321 0.580748 0.557786 0.617245 0.559002 0.678376 0.543187 0.691150 0.527372 0.695712 0.493309 0.677464 0.466545 0.621807 0.453163
2 0.520529 0.785280 0.534215 0.831509 0.558850 0.855839 0.614507 0.868005 0.663777 0.855839 0.686588 0.832725 0.686588 0.825426 0.559763 0.803528
4 0.436588 0.652676 0.412865 0.674574 0.370894 0.689173 0.369982 0.703771 0.348996 0.703771 0.340785 0.691606 0.296989 0.679440 0.275091 0.664842 0.259580 0.621046 0.297901 0.628345 0.395529 0.624696 0.415602 0.646594
4 0.441150 0.330292 0.424726 0.316910 0.344434 0.309611 0.262318 0.314477 0.248631 0.326642 0.250456 0.343674 0.271442 0.395985 0.297901 0.403285 0.397354 0.398418 0.422901 0.387470
3 0.482208 0.395985 0.493157 0.423966 0.505931 0.478710 0.507755 0.550487 0.496807 0.623479 0.480383 0.636861 0.421989 0.641727 0.396442 0.619830 0.296989 0.624696 0.257755 0.618613 0.218522 0.591849 0.196624 0.539538 0.202099 0.488443 0.223084 0.439781 0.265967 0.411800 0.391880 0.404501 0.424726 0.389903
3 0.449361 0.698905 0.484033 0.711071 0.499544 0.741484 0.505018 0.825426 0.511405 0.920316 0.502281 0.976277 0.493157 0.988443 0.431113 0.992092 0.413777 0.977494 0.399179 0.926399 0.373631 0.916667 0.282391 0.914234 0.255931 0.900852 0.230383 0.874088 0.211223 0.840024 0.208485 0.797445 0.214872 0.759732 0.244982 0.725669 0.281478 0.712287 0.336223 0.704988
1 0.704836 0.583333 0.533303 0.642944 0.511405 0.668491 0.501369 0.696472 0.507755 0.746350 0.519617 0.767032 0.530566 0.775547 0.546989 0.799878 0.718522 0.825426 0.761405 0.818127 0.811588 0.792579 0.847172 0.746350 0.859945 0.709854 0.852646 0.673358 0.827099 0.630779 0.783303 0.596715 0.726734 0.580900
