4 0.743969 0.000731 0.726425 0.287281 0.512610 0.281433 0.525768 0.003655
4 0.483004 0.902778 0.496162 0.937865 0.564145 0.974415 0.621162 0.987573 0.693531 0.968567 0.703399 0.959795 0.581689 0.929094
1 0.669408 0.304825 0.492873 0.363304 0.467654 0.380848 0.461075 0.424708 0.465461 0.490497 0.489583 0.524123 0.682566 0.570906 0.760417 0.556287 0.815241 0.515351 0.850329 0.471491 0.852522 0.426170 0.833882 0.366228 0.792215 0.326754 0.719846 0.301901
1 0.620066 0.699561 0.488487 0.740497 0.466557 0.763889 0.463268 0.800439 0.463268 0.863304 0.474232 0.894006 0.703399 0.951023 0.766996 0.943713 0.819627 0.901316 0.845943 0.844298 0.837171 0.779971 0.803180 0.728801 0.749452 0.695175
3 0.466557 0.084064 0.487390 0.091374 0.497259 0.195175 0.496162 0.296053 0.489583 0.348684 0.477522 0.354532 0.271382 0.363304 0.225329 0.350146 0.181469 0.309211 0.172697 0.262427 0.183662 0.206871 0.227522 0.165936 0.284539 0.152778 0.387610 0.144006 0.394189 0.117690 0.398575 0.098684 0.413925 0.081140
0 0.524671 0.538743 0.485197 0.543129 0.475329 0.565058 0.474232 0.594298 0.509320 0.629386 0.510417 0.658626 0.526864 0.682018 0.588268 0.695175 0.589364 0.680556 0.575110 0.645468 0.577303 0.604532 0.593750 0.589912 0.591557 0.570906 0.570724 0.575292 0.537829 0.540205
0 0.632127 0.559211 0.658443 0.579678 0.694627 0.579678 0.692434 0.601608 0.667215 0.604532 0.667215 0.649854 0.700110 0.677632 0.697917 0.693713 0.641996 0.692251 0.617873 0.667398 0.617873 0.655702 0.583882 0.632310
0 0.734101 0.570906 0.771382 0.584064 0.807566 0.581140 0.802083 0.601608 0.771382 0.607456 0.777961 0.657164 0.811952 0.687865 0.811952 0.712719 0.742873 0.687865 0.728618 0.660088 0.680373 0.648392 0.679276 0.614766 0.699013 0.607456 0.705592 0.570906
4 0.420504 0.544591 0.227522 0.548977 0.249452 0.968567 0.436952 0.968567
2 0.432566 0.395468 0.408443 0.499269 0.240680 0.494883 0.230811 0.389620
2 0.424890 0.075292 0.420504 0.060673 0.253838 0.057749 0.233004 0.063596 0.240680 0.155702 0.288925 0.142544 0.386513 0.141082 0.389803 0.120614 0.396382 0.095760
