3 0.505018 0.009124 0.497719 0.123479 0.494982 0.175791 0.475821 0.194039 0.348084 0.213504 0.256843 0.212287 0.214872 0.191606 0.195712 0.146594 0.192974 0.101582 0.210310 0.054136 0.244982 0.017640 0.257755 0.005474 0.463047 0.000000
3 0.442974 0.252433 0.405566 0.256083 0.384580 0.282847 0.243157 0.308394 0.207573 0.347324 0.197536 0.371655 0.193887 0.409367 0.196624 0.448297 0.223084 0.493309 0.257755 0.512774 0.410128 0.511557 0.482208 0.500608 0.493157 0.483577 0.498631 0.399635 0.488595 0.312044 0.479471 0.265815
3 0.453923 0.646594 0.482208 0.659976 0.498631 0.695255 0.501369 0.719586 0.513230 0.737835 0.521442 0.832725 0.518704 0.887470 0.491332 0.919100 0.463047 0.922749 0.441150 0.921533 0.432938 0.904501 0.423814 0.843674 0.299726 0.857056 0.259580 0.846107 0.228558 0.831509 0.203923 0.808394 0.186588 0.769465 0.187500 0.722019 0.213047 0.692822 0.252281 0.662409 0.303376 0.647810
4 0.439325 0.242701 0.427464 0.224453 0.351734 0.220803 0.269617 0.230535 0.252281 0.236618 0.263230 0.288929 0.283303 0.299878 0.383668 0.281630 0.405566 0.257299
4 0.432938 0.520073 0.441150 0.527372 0.438412 0.562652 0.415602 0.594282 0.393704 0.605231 0.373631 0.607664 0.367245 0.627129 0.343522 0.627129 0.325274 0.610097 0.290602 0.599148 0.266880 0.573601 0.255018 0.526156 0.308850 0.521290
4 0.432938 0.931265 0.407391 0.943431 0.342609 0.948297 0.302464 0.942214 0.273266 0.921533 0.272354 0.892336 0.290602 0.855839 0.303376 0.861922 0.425639 0.846107 0.431113 0.906934
2 0.692974 0.091849 0.683850 0.068735 0.638230 0.050487 0.586223 0.051703 0.542427 0.073601 0.525091 0.101582 0.522354 0.133212 0.522354 0.150243 0.543339 0.138078 0.552464 0.141727
2 0.671989 0.393552 0.635493 0.370438 0.567974 0.375304 0.534215 0.389903 0.517792 0.417883 0.516880 0.443431 0.534215 0.465328 0.577099 0.481144 0.634580 0.470195 0.671077 0.455596 0.684763 0.421533
2 0.671077 0.700122 0.674726 0.750000 0.666515 0.758516 0.522354 0.764599 0.515967 0.735401 0.505018 0.713504 0.505018 0.687956 0.533303 0.679440 0.551551 0.679440
1 0.799726 0.110097 0.738595 0.088200 0.704836 0.093066 0.547901 0.144161 0.538777 0.144161 0.510493 0.175791 0.501369 0.202555 0.496807 0.239051 0.498631 0.267032 0.505931 0.280414 0.518704 0.281630 0.530566 0.305961 0.561588 0.313260 0.708485 0.344891 0.744982 0.341241 0.798814 0.308394 0.836223 0.270681 0.859033 0.224453 0.859033 0.183090 0.837135 0.149027
1 0.820712 0.493309 0.763230 0.455596 0.703923 0.449513 0.666515 0.460462 0.541515 0.507908 0.514142 0.521290 0.497719 0.548054 0.492245 0.578467 0.491332 0.612530 0.494069 0.638078 0.513230 0.651460 0.522354 0.673358 0.553376 0.675791 0.668339 0.694039 0.737682 0.697689 0.792427 0.666058 0.834398 0.624696 0.852646 0.584550 0.844434 0.533455
1 0.796989 0.889903 0.737682 0.860706 0.673814 0.864355 0.622719 0.886253 0.576186 0.889903 0.523266 0.886253 0.492245 0.926399 0.488595 0.950730 0.490380 0.998333 0.831661 0.998333 0.829836 0.962895 0.820712 0.926399
