1 0.670343 0.036492 0.520833 0.093137 0.461193 0.118192 0.452206 0.171569 0.464461 0.220588 0.676062 0.291394 0.725899 0.289216 0.796977 0.245643 0.826389 0.206427 0.846814 0.154139 0.838644 0.105120 0.805147 0.066993 0.758578 0.037582 0.711193 0.028867
1 0.396650 0.289216 0.470180 0.281590 0.496324 0.352397 0.496324 0.378540 0.469363 0.435185 0.385212 0.430828 0.357435 0.451525 0.323121 0.470044 0.280637 0.470044 0.224265 0.456972 0.178513 0.412309 0.168709 0.367647 0.172794 0.327342 0.198121 0.291394 0.245507 0.257625 0.299428 0.248911 0.346814 0.260893
1 0.636846 0.433007 0.448121 0.501634 0.439951 0.558279 0.447304 0.602941 0.640114 0.677015 0.679330 0.680283 0.712827 0.673747 0.754493 0.656318 0.796160 0.616013 0.813317 0.588780 0.818219 0.546296 0.797794 0.496187 0.752859 0.454793 0.703840 0.434096
1 0.493873 0.661765 0.506944 0.715142 0.496324 0.764161 0.310866 0.829521 0.267565 0.827342 0.220180 0.808824 0.178513 0.767429 0.158088 0.730392 0.157271 0.693355 0.173611 0.649782 0.215278 0.605120 0.279003 0.592048 0.339461 0.601852
1 0.663807 0.773965 0.462010 0.853486 0.453023 0.887255 0.452206 0.921024 0.465278 0.956972 0.582925 0.994009 0.779003 0.992919 0.814134 0.958061 0.826389 0.917756 0.822304 0.869826 0.787990 0.820806 0.684232 0.776144
0 0.381127 0.156318 0.378676 0.068083 0.411356 0.062636 0.444036 0.089869 0.448938 0.267429 0.438317 0.281590 0.396650 0.283769 0.388480 0.271786 0.370507 0.188998 0.372958 0.160675
0 0.382761 0.273965 0.371324 0.186819 0.372141 0.160675 0.359069 0.098584 0.343546 0.083333 0.322304 0.073529 0.288807 0.083333 0.275735 0.107298 0.271650 0.174837 0.300245 0.241285
0 0.176062 0.061547 0.206291 0.061547 0.232435 0.073529 0.247141 0.104031 0.269199 0.144336 0.266748 0.171569 0.294526 0.242375 0.225899 0.259804 0.170343 0.192266 0.174428 0.171569 0.215278 0.161765 0.219363 0.153050 0.194853 0.112745 0.182598 0.105120
0 0.631944 0.340414 0.769199 0.283769 0.810866 0.295752 0.827206 0.325163 0.823938 0.387255 0.693219 0.430828 0.651552 0.426471 0.648284 0.406863 0.643382 0.406863 0.643382 0.383987 0.641748 0.365468
0 0.739788 0.670479 0.822304 0.728214 0.833742 0.758715 0.832925 0.811002 0.805147 0.803377 0.754493 0.764161 0.742239 0.797930 0.709559 0.781590 0.645016 0.721678 0.648284 0.683551 0.680147 0.683551 0.712010 0.674837
0 0.450572 0.788126 0.451389 0.938453 0.440768 0.971133 0.427696 0.979847 0.381944 0.979847 0.389297 0.885076 0.381127 0.877451 0.385212 0.809913
0 0.378676 0.815359 0.377859 0.882898 0.359069 0.959150 0.347631 0.984205 0.307598 0.994009 0.296160 0.988562 0.296977 0.958061 0.315768 0.921024 0.315768 0.897059 0.288807 0.889434 0.288807 0.867647 0.301879 0.837146 0.314134 0.832789
0 0.286356 0.889434 0.247958 0.965686 0.227533 0.983115 0.193219 0.986383 0.193219 0.950436 0.212827 0.938453 0.229984 0.904684 0.221814 0.893791 0.186683 0.887255 0.183415 0.872004 0.215278 0.819717 0.267565 0.832789 0.296160 0.834967 0.281454 0.868736
0 0.440768 0.492919 0.424428 0.490741 0.422794 0.511438 0.408088 0.529956 0.392565 0.529956 0.385212 0.490741 0.350082 0.500545 0.346814 0.525599 0.356618 0.582244 0.377042 0.594227 0.413807 0.595316 0.435866 0.578976 0.439951 0.560458 0.447304 0.502723
0 0.363154 0.492919 0.352533 0.479847 0.332925 0.474401 0.256127 0.471133 0.255310 0.498366 0.281454 0.503813 0.295343 0.514706 0.300245 0.537582 0.298611 0.559368 0.279820 0.568083 0.248775 0.571351 0.248775 0.597495 0.296160 0.589869 0.317402 0.580065 0.346814 0.561547 0.343546 0.500545
0 0.249592 0.473312 0.158905 0.479847 0.165441 0.504902 0.195670 0.512527 0.208742 0.523420 0.211193 0.548475 0.207925 0.570261 0.162173 0.577887 0.161356 0.607298 0.193219 0.606209 0.243873 0.585512 0.245507 0.566993 0.261846 0.561547 0.248775 0.490741
2 0.668709 0.028867 0.651552 0.011438 0.614788 0.004902 0.566585 0.008170 0.533088 0.016885 0.522467 0.039760 0.515931 0.086601 0.571487 0.070261
2 0.612337 0.333878 0.570670 0.325163 0.524101 0.329521 0.501225 0.340414 0.496324 0.373094 0.490605 0.399237 0.491422 0.431917 0.512663 0.447168 0.584559 0.447168 0.618056 0.437364 0.637663 0.415577 0.643382 0.390523 0.640931 0.367647 0.636029 0.345861
2 0.498775 0.626906 0.489788 0.638889 0.492239 0.654139 0.509395 0.714052 0.507761 0.732571 0.516748 0.744553 0.575572 0.751089 0.612337 0.752179 0.633578 0.735839 0.638480 0.710784 0.639297 0.683551 0.499592 0.627996
