4 0.719184 0.001736 0.718316 0.026042 0.683594 0.070023 0.634115 0.057292 0.613281 0.043403 0.587240 0.045718 0.575087 0.061921 0.549045 0.078125 0.537760 0.098958 0.513455 0.098958 0.512587 0.036458 0.527344 0.005208 0.541233 0.001736
4 0.617622 0.049190 0.591580 0.048032 0.589844 0.061921 0.569010 0.065394 0.549913 0.079282 0.532552 0.109375 0.516927 0.129051 0.519531 0.173032 0.528212 0.186921 0.551649 0.179977 0.575087 0.157986 0.582899 0.157986 0.587240 0.141782 0.623698 0.133681 0.626302 0.146412 0.671441 0.147569 0.690538 0.154514 0.707899 0.147569 0.717448 0.122106 0.707031 0.086227 0.689670 0.076968 0.646267 0.060764 0.618490 0.061921
4 0.622830 0.140625 0.628038 0.152199 0.656684 0.152199 0.680990 0.160301 0.710503 0.178819 0.726997 0.211227 0.723524 0.225116 0.686198 0.254051 0.657552 0.250579 0.626302 0.247106 0.621094 0.225116 0.587240 0.229745 0.582899 0.250579 0.545573 0.262153 0.529080 0.262153 0.520399 0.226273 0.527344 0.207755 0.546441 0.189236 0.566406 0.175347 0.585503 0.163773 0.594184 0.159144 0.595920 0.142940
4 0.695747 0.273727 0.674045 0.263310 0.653212 0.255208 0.621094 0.251736 0.617622 0.228588 0.595920 0.232060 0.593316 0.252894 0.567274 0.256366 0.539497 0.269097 0.523003 0.298032 0.515191 0.324653 0.540365 0.313079 0.562066 0.306134 0.598524 0.301505
4 0.622830 0.492477 0.629774 0.508681 0.655816 0.520255 0.680990 0.535301 0.700955 0.571181 0.716580 0.594329 0.708767 0.604745 0.630642 0.605903 0.549045 0.601273 0.512587 0.594329 0.509983 0.570023 0.516927 0.523727 0.537760 0.514468 0.567274 0.517940 0.583767 0.514468 0.583767 0.495949
4 0.620226 0.608218 0.622830 0.616319 0.654948 0.612847 0.697483 0.674190 0.711372 0.711227 0.691406 0.721644 0.556858 0.714699 0.509115 0.697338 0.503038 0.630208 0.519531 0.608218 0.547309 0.609375 0.576823 0.612847 0.583767 0.600116
4 0.667101 0.720486 0.700087 0.764468 0.712240 0.792245 0.712240 0.817708 0.688802 0.825810 0.611545 0.828125 0.551649 0.814236 0.514323 0.796875 0.511719 0.741319 0.526476 0.707755 0.554253 0.717014
4 0.682726 0.828125 0.713976 0.889468 0.715712 0.916088 0.697483 0.928819 0.634983 0.932292 0.558594 0.912616 0.521267 0.888310 0.510851 0.873264 0.516927 0.816551 0.534288 0.806134 0.549913 0.811921 0.610677 0.829282
4 0.425781 0.368634 0.398872 0.364005 0.269531 0.365162 0.228733 0.370949 0.241753 0.417245 0.272135 0.448495 0.403212 0.432292 0.419705 0.418403
4 0.408420 0.058449 0.317274 0.057292 0.259115 0.075810 0.246962 0.090856 0.259983 0.135995 0.329427 0.116319 0.369358 0.104745 0.388455 0.073495
4 0.235677 0.649884 0.244358 0.679977 0.262587 0.703125 0.301649 0.727431 0.316406 0.734375 0.317274 0.743634 0.345052 0.742477 0.345052 0.730903 0.384983 0.725116 0.402344 0.708912 0.407552 0.691551 0.385851 0.690394 0.338108 0.678819
3 0.461372 0.749421 0.343316 0.748264 0.247830 0.765625 0.222656 0.776042 0.199219 0.800347 0.189670 0.855903 0.198351 0.887153 0.211372 0.917245 0.230469 0.935764 0.259115 0.954282 0.296441 0.967014 0.338976 0.979745 0.363281 0.991319 0.497830 0.995949 0.502170 0.963542 0.499566 0.895255 0.499566 0.826968 0.490017 0.771412
3 0.428385 0.427662 0.455295 0.428819 0.482205 0.446181 0.497830 0.483218 0.506510 0.568866 0.496962 0.652199 0.486545 0.684606 0.458767 0.693866 0.423177 0.699653 0.389323 0.688079 0.347656 0.675347 0.314670 0.671875 0.240017 0.649884 0.204427 0.612847 0.190538 0.563079 0.198351 0.510995 0.219184 0.475116 0.262587 0.455440
3 0.493490 0.064236 0.504774 0.098958 0.514323 0.147569 0.513455 0.228588 0.506510 0.292245 0.496962 0.333912 0.462240 0.346644 0.367622 0.350116 0.264323 0.340856 0.217448 0.316551 0.195747 0.271412 0.198351 0.220486 0.215712 0.183449 0.250434 0.148727 0.307726 0.129051 0.370226 0.112847 0.395399 0.079282 0.411892 0.064236 0.462240 0.053819
1 0.704427 0.276042 0.529948 0.328125 0.509115 0.345486 0.503038 0.383681 0.505642 0.418403 0.519531 0.446181 0.536892 0.457755 0.686198 0.505208 0.746094 0.508681 0.779948 0.480903 0.817274 0.436921 0.829427 0.373264 0.811198 0.323495 0.767795 0.284144
