1 0.596788 0.022569 0.516927 0.057292 0.500434 0.096644 0.507378 0.131366 0.523872 0.169560 0.661892 0.217014 0.738281 0.225116 0.789497 0.199653 0.818142 0.159144 0.833767 0.101273 0.822483 0.044560 0.802517 0.010995 0.783550 0.000000 0.635851 0.000000
1 0.699219 0.333912 0.642795 0.347801 0.497830 0.405671 0.480469 0.442708 0.481337 0.480903 0.492622 0.519097 0.510851 0.535301 0.667101 0.568866 0.703559 0.572338 0.747830 0.556134 0.777344 0.528356 0.795573 0.492477 0.804253 0.450810 0.792101 0.399884 0.765191 0.357060 0.726997 0.337384
1 0.683594 0.708912 0.491753 0.785301 0.477865 0.813079 0.473524 0.852431 0.483941 0.891782 0.505642 0.906829 0.680990 0.949653 0.729601 0.946181 0.766059 0.921875 0.793837 0.889468 0.805990 0.842014 0.795573 0.787616 0.760851 0.736690 0.714844 0.710069
2 0.577691 0.245949 0.543837 0.255208 0.525608 0.263310 0.515191 0.303819 0.524740 0.340856 0.558594 0.361690 0.601997 0.364005 0.645399 0.345486 0.665365 0.329282 0.668837 0.282986 0.649740 0.255208
2 0.617622 0.561921 0.535156 0.566551 0.519531 0.601273 0.523872 0.645255 0.547309 0.667245 0.633247 0.669560 0.654080 0.663773 0.664497 0.641782 0.667101 0.593171 0.648872 0.572338
2 0.511719 0.925347 0.528212 0.968171 0.573351 0.985532 0.621962 0.980903 0.654080 0.973958 0.654948 0.947338 0.512587 0.914931
4 0.424045 0.127894 0.394531 0.116319 0.311198 0.114005 0.260851 0.127894 0.246094 0.138310 0.243490 0.164931 0.261719 0.193866 0.326823 0.184606 0.357205 0.174190 0.377170 0.149884 0.425781 0.139468
4 0.433594 0.453125 0.404948 0.489005 0.374566 0.504051 0.342448 0.505208 0.296441 0.500579 0.266059 0.491319 0.240017 0.453125 0.233073 0.421875 0.427517 0.438079
4 0.374566 0.771412 0.351997 0.780671 0.348524 0.798032 0.311198 0.798032 0.308594 0.780671 0.280816 0.781829 0.249566 0.760995 0.236545 0.739005 0.230469 0.712384 0.276476 0.740162 0.330295 0.744792
3 0.454427 0.137153 0.483073 0.148727 0.501302 0.196181 0.506510 0.260995 0.503906 0.339699 0.492622 0.391782 0.461372 0.418403 0.407552 0.426505 0.257378 0.412616 0.220052 0.385995 0.192274 0.350116 0.186198 0.300347 0.196615 0.263310 0.222656 0.227431 0.264323 0.203125 0.340712 0.183449 0.370226 0.177662 0.379774 0.160301 0.406684 0.148727
3 0.452691 0.509838 0.260851 0.521412 0.211372 0.544560 0.181858 0.592014 0.179253 0.632523 0.196615 0.669560 0.233941 0.712384 0.285156 0.729745 0.325087 0.737847 0.363281 0.749421 0.383247 0.773727 0.423177 0.786458 0.463108 0.785301 0.490885 0.762153 0.503038 0.686921 0.500434 0.604745 0.496962 0.558449 0.483941 0.524884
3 0.486545 0.912616 0.490017 0.983218 0.496094 0.997106 0.393345 0.998333 0.207899 0.994792 0.190538 0.975116 0.179253 0.938079 0.181858 0.907986 0.201823 0.877894 0.244358 0.846644 0.300781 0.833912 0.406684 0.846644 0.470920 0.854745 0.479601 0.889468
