2 0.258224 0.184942 0.266996 0.291667 0.309759 0.297515 0.351425 0.290205 0.378838 0.266813 0.445724 0.260965 0.454496 0.214181 0.450110 0.201023
2 0.422697 0.541667 0.428180 0.557749 0.416118 0.639620 0.409539 0.657164 0.254934 0.649854 0.248355 0.641082 0.237390 0.554825 0.249452 0.544591
1 0.526864 0.008041 0.515899 0.059211 0.333882 0.145468 0.265899 0.154240 0.202303 0.120614 0.181469 0.069444 0.179276 0.003655
1 0.638706 0.088450 0.595943 0.101608 0.546601 0.094298 0.513706 0.095760 0.489583 0.149854 0.486294 0.225877 0.503838 0.293129 0.533443 0.307749 0.569627 0.296053 0.636513 0.291667 0.730811 0.312135 0.810855 0.275585 0.840461 0.225877 0.847039 0.168860 0.819627 0.092836 0.747259 0.062135 0.697917 0.069444
1 0.704496 0.487573 0.646382 0.505117 0.608004 0.525585 0.561952 0.528509 0.526864 0.513889 0.495066 0.528509 0.479715 0.565058 0.477522 0.622076 0.489583 0.692251 0.511513 0.727339 0.541118 0.728801 0.579496 0.712719 0.641996 0.724415 0.712171 0.733187 0.766996 0.720029 0.816338 0.677632 0.829496 0.616228 0.822917 0.559211 0.770285 0.506579
1 0.668311 0.839912 0.522478 0.911550 0.506031 0.936404 0.507127 0.990497 0.832785 0.994883 0.826206 0.936404 0.771382 0.870614 0.722039 0.847222
4 0.408443 0.690789 0.228618 0.689327 0.237364 0.998333 0.425987 0.993421
4 0.685855 0.730263 0.702303 0.756579 0.707785 0.785819 0.672697 0.806287 0.587171 0.804825 0.513706 0.782895 0.493969 0.763889 0.509320 0.737573 0.541118 0.736111 0.582785 0.715643 0.637610 0.725877
4 0.717654 0.453947 0.683662 0.402778 0.628838 0.380848 0.615680 0.357456 0.589364 0.355994 0.576206 0.377924 0.520285 0.386696 0.503838 0.417398 0.502741 0.453947 0.546601 0.459795
3 0.445724 0.262427 0.472039 0.272661 0.486294 0.309211 0.492873 0.366228 0.493969 0.481725 0.481908 0.522661 0.441338 0.541667 0.256031 0.524123 0.209978 0.499269 0.177083 0.449561 0.180373 0.370614 0.223136 0.326754 0.265899 0.303363 0.304276 0.298977 0.348136 0.296053 0.372259 0.275585 0.429276 0.263889
