4 0.594184 0.184606 0.589844 0.210069 0.554253 0.218171 0.524740 0.236690 0.516059 0.263310 0.509983 0.300347 0.579427 0.304977 0.597656 0.287616 0.627170 0.287616 0.632378 0.303819 0.670573 0.316551 0.711372 0.285301 0.708767 0.249421 0.687066 0.225116 0.659288 0.212384 0.624566 0.204282 0.623698 0.185764
4 0.623698 0.291088 0.629774 0.304977 0.679253 0.324653 0.708767 0.355903 0.716580 0.381366 0.663628 0.403356 0.626302 0.397569 0.615017 0.375579 0.588976 0.379051 0.579427 0.398727 0.514323 0.394097 0.517795 0.331597 0.590712 0.308449 0.601128 0.292245
4 0.612413 0.383681 0.621962 0.402199 0.669705 0.413773 0.699219 0.441551 0.712240 0.480903 0.664497 0.486690 0.506510 0.477431 0.508247 0.426505 0.523872 0.409144 0.556858 0.407986 0.587240 0.401042 0.595052 0.377894
4 0.625434 0.485532 0.639323 0.497106 0.657552 0.498264 0.683594 0.524884 0.712240 0.558449 0.716580 0.580440 0.702691 0.583912 0.541233 0.582755 0.516059 0.575810 0.510851 0.564236 0.514323 0.508681 0.532552 0.500579 0.584635 0.498264 0.593316 0.483218
4 0.427517 0.648727 0.425781 0.677662 0.381510 0.712384 0.352865 0.715856 0.352865 0.734375 0.325955 0.736690 0.315538 0.719329 0.278212 0.704282 0.253906 0.674190 0.244358 0.644097 0.275608 0.617477 0.316406 0.625579 0.362413 0.634838 0.378906 0.646412
1 0.693142 0.616319 0.522135 0.656829 0.504774 0.681134 0.497830 0.718171 0.509115 0.758681 0.544705 0.788773 0.680990 0.835069 0.726997 0.829282 0.762587 0.806134 0.782552 0.766782 0.784288 0.723958 0.776476 0.681134 0.749566 0.647569 0.710503 0.627894
1 0.480469 0.087384 0.483073 0.137153 0.471788 0.178819 0.431858 0.206597 0.253038 0.255208 0.220052 0.245949 0.168837 0.213542 0.142795 0.170718 0.139323 0.125579 0.176649 0.059606 0.220920 0.026042 0.265191 0.013310 0.315538 0.013310 0.415365 0.036458 0.427517 0.031829 0.446615 0.032986 0.455295 0.053819
2 0.404948 0.273727 0.431858 0.280671 0.448351 0.302662 0.455295 0.335069 0.450955 0.366319 0.434462 0.383681 0.335503 0.388310 0.312066 0.374421 0.304253 0.339699 0.316406 0.300347 0.343316 0.282986
2 0.494358 0.747106 0.487413 0.763310 0.486545 0.801505 0.485677 0.837384 0.495226 0.865162 0.511719 0.882523 0.608073 0.887153 0.625434 0.872106 0.633247 0.848958 0.632378 0.822338 0.537760 0.788773 0.503038 0.760995
3 0.437934 0.381366 0.464844 0.387153 0.486545 0.419560 0.492622 0.465856 0.492622 0.557292 0.477865 0.616319 0.460503 0.640625 0.429253 0.646412 0.373698 0.642940 0.358941 0.631366 0.241753 0.602431 0.204427 0.580440 0.178385 0.545718 0.165365 0.500579 0.174045 0.462384 0.193142 0.431134 0.248698 0.402199 0.312066 0.394097
4 0.434462 0.995949 0.431858 0.785301 0.252170 0.782986 0.258247 0.994792
