2 0.426042 0.310417 0.393750 0.286806 0.355208 0.279861 0.302083 0.293750 0.273958 0.317361 0.268750 0.342361 0.273958 0.361806 0.325000 0.364583 0.376042 0.388194 0.394792 0.392361 0.408333 0.392361 0.419792 0.370139 0.429167 0.345139
2 0.401042 0.595139 0.413542 0.613194 0.420833 0.649306 0.412500 0.670139 0.377083 0.690972 0.341667 0.695139 0.298958 0.689583 0.272917 0.671528 0.261458 0.650694 0.260417 0.627083 0.282292 0.621528 0.336458 0.611806
4 0.625000 0.446528 0.672917 0.484028 0.686458 0.507639 0.692708 0.536806 0.518750 0.529861 0.525000 0.495139 0.520833 0.477083 0.571875 0.449306 0.591667 0.443750 0.591667 0.431250 0.625000 0.428472
4 0.701042 0.149306 0.661458 0.128472 0.646875 0.128472 0.642708 0.111806 0.614583 0.121528 0.609375 0.136806 0.570833 0.145139 0.547917 0.164583 0.532292 0.179861 0.525000 0.207639
4 0.498958 0.710417 0.489583 0.721528 0.487500 0.793750 0.509375 0.822917 0.591667 0.871528 0.631250 0.872917 0.695833 0.853472 0.722917 0.831250 0.730208 0.820139 0.731250 0.781250 0.668750 0.788194 0.632292 0.778472 0.519792 0.734028
1 0.669792 0.534028 0.515625 0.593750 0.500000 0.620139 0.507292 0.725694 0.522917 0.731250 0.650000 0.781250 0.697917 0.784028 0.742708 0.775694 0.788542 0.749306 0.821875 0.699306 0.829167 0.656250 0.809375 0.604861 0.770833 0.564583 0.712500 0.543750
1 0.428125 0.786806 0.448958 0.796528 0.458333 0.815972 0.475000 0.831250 0.478125 0.859028 0.478125 0.893750 0.471875 0.925694 0.446875 0.953472 0.428125 0.961806 0.417708 0.954861 0.275000 0.985417 0.237500 0.977083 0.193750 0.950694 0.154167 0.907639 0.144792 0.865972 0.157292 0.815972 0.196875 0.771528 0.258333 0.749306
1 0.505208 0.440972 0.516667 0.482639 0.503125 0.550694 0.341667 0.607639 0.303125 0.615972 0.242708 0.615972 0.187500 0.585417 0.155208 0.547917 0.138542 0.496528 0.143750 0.450694 0.187500 0.397917 0.237500 0.368750 0.297917 0.365972 0.352083 0.381250
1 0.722917 0.150694 0.561458 0.200694 0.548958 0.196528 0.519792 0.215972 0.500000 0.253472 0.497917 0.295139 0.501042 0.331250 0.522917 0.347917 0.540625 0.371528 0.715625 0.406250 0.759375 0.400694 0.809375 0.374306 0.853125 0.328472 0.869792 0.279861 0.864583 0.236806 0.837500 0.197917 0.786458 0.163194
1 0.473958 0.064583 0.500000 0.120139 0.502083 0.154861 0.472917 0.211806 0.389583 0.214583 0.330208 0.246528 0.268750 0.253472 0.211458 0.227083 0.182292 0.186806 0.175000 0.136806 0.190625 0.093750 0.225000 0.059028 0.266667 0.036806 0.319792 0.032639 0.361458 0.047917 0.395833 0.071528
