3 0.194799 0.005474 0.181113 0.038321 0.175639 0.084550 0.189325 0.121046 0.223996 0.149027 0.281478 0.166058 0.428376 0.140511 0.479471 0.125912 0.489507 0.104015 0.501369 0.000608
2 0.505018 0.097932 0.612682 0.096715 0.639142 0.090633 0.669252 0.076034 0.671077 0.011557 0.645529 0.001825 0.518704 0.005474 0.503193 0.016423 0.498631 0.063869
2 0.593522 0.321776 0.547901 0.333942 0.520529 0.359489 0.508668 0.377737 0.509580 0.420316 0.526004 0.434915 0.604471 0.436131 0.636405 0.430049 0.673814 0.406934 0.678376 0.371655 0.665602 0.343674 0.624544 0.326642
4 0.431113 0.286496 0.410128 0.231752 0.382755 0.219586 0.362682 0.218370 0.351734 0.212287 0.331661 0.208637 0.327099 0.223236 0.298814 0.224453 0.272354 0.242701 0.314325 0.258516 0.351734 0.273114 0.401916 0.277981
4 0.422901 0.487226 0.447536 0.487226 0.449361 0.509124 0.435675 0.539538 0.407391 0.568735 0.379106 0.573601 0.376369 0.595499 0.347172 0.596715 0.343522 0.579684 0.318887 0.574818 0.287865 0.559002 0.271442 0.541971 0.265055 0.517640 0.302464 0.513990 0.331661 0.498175
4 0.513230 0.639294 0.643704 0.639294 0.685675 0.657543 0.698449 0.678224 0.685675 0.701338 0.651004 0.729319 0.620894 0.736618 0.614507 0.753650 0.590785 0.753650 0.582573 0.731752 0.548814 0.717153 0.525091 0.697689 0.511405 0.674574
1 0.562500 0.105231 0.537865 0.105231 0.519617 0.100365 0.500456 0.105231 0.480383 0.139294 0.474909 0.189173 0.474909 0.252433 0.486770 0.284063 0.501369 0.308394 0.523266 0.315693 0.559763 0.304745 0.602646 0.303528 0.651916 0.310827 0.686588 0.318127 0.725821 0.315693 0.783303 0.288929 0.813412 0.245134 0.824361 0.206204 0.821624 0.149027 0.787865 0.106448 0.736770 0.079684 0.692974 0.078467 0.642792 0.091849 0.599909 0.106448
1 0.724909 0.389903 0.678376 0.410584 0.637318 0.436131 0.615420 0.449513 0.514142 0.444647 0.491332 0.494526 0.485858 0.528589 0.491332 0.573601 0.514142 0.619830 0.608120 0.613747 0.630931 0.617397 0.651004 0.636861 0.690237 0.652676 0.736770 0.657543 0.794252 0.649027 0.844434 0.616180 0.892792 0.567518 0.897354 0.518856 0.887318 0.465328 0.835310 0.415450 0.750456 0.388686
1 0.469434 0.460462 0.494069 0.421533 0.500456 0.392336 0.501369 0.360706 0.489507 0.321776 0.473996 0.287713 0.390055 0.297445 0.361770 0.290146 0.316150 0.260949 0.252281 0.247567 0.179288 0.277981 0.135493 0.321776 0.117245 0.370438 0.118157 0.415450 0.142792 0.460462 0.186588 0.488443 0.244069 0.512774 0.288777 0.513990 0.334398 0.494526 0.372719 0.464112
1 0.480383 0.662409 0.399179 0.668491 0.356296 0.640511 0.300639 0.621046 0.238595 0.628345 0.182938 0.669708 0.158303 0.707421 0.155566 0.751217 0.173814 0.801095 0.207573 0.836375 0.275091 0.866788 0.337135 0.861922 0.378193 0.840024 0.400091 0.821776 0.490420 0.822993 0.518704 0.771898 0.518704 0.743917 0.492245 0.669708
