0 0.836372 0.036458 0.830295 0.075810 0.786024 0.100116 0.773872 0.112847 0.779948 0.135995 0.830295 0.148727 0.835503 0.173032 0.765191 0.225116 0.726997 0.212384 0.688802 0.211227 0.644531 0.227431 0.645399 0.192708 0.746962 0.093171 0.775608 0.054977
0 0.806858 0.453125 0.634983 0.468171 0.642795 0.497106 0.643663 0.536458 0.641059 0.549190 0.805122 0.585069 0.809462 0.554977 0.759983 0.543403 0.751302 0.526042 0.759983 0.497106 0.807726 0.476273 0.815538 0.457755
0 0.766927 0.802662 0.809462 0.848958 0.802517 0.859375 0.754774 0.875579 0.774740 0.911458 0.803385 0.929977 0.814670 0.971644 0.753906 0.962384 0.648003 0.822338 0.648003 0.804977 0.702691 0.820023 0.745226 0.820023
0 0.450955 0.630208 0.450955 0.749421 0.427517 0.748264 0.425781 0.698495 0.413628 0.677662 0.391927 0.679977 0.375434 0.728588 0.357205 0.740162 0.359809 0.688079 0.376302 0.615162 0.388455 0.611690 0.412760 0.627894
0 0.355469 0.667245 0.309462 0.750579 0.257378 0.754051 0.258247 0.725116 0.299913 0.696181 0.300781 0.670718 0.253906 0.660301 0.250434 0.632523 0.286024 0.605903 0.349392 0.612847
0 0.286892 0.671875 0.211372 0.749421 0.166233 0.760995 0.171441 0.730903 0.214844 0.706597 0.208767 0.670718 0.161892 0.661458 0.155816 0.640625 0.234809 0.588542 0.267795 0.607060 0.246094 0.631366 0.247830 0.664931
0 0.394531 0.315394 0.373698 0.259838 0.377170 0.223958 0.432726 0.228588 0.448351 0.266782 0.451823 0.350116 0.446615 0.375579 0.411024 0.374421 0.390191 0.384838 0.371094 0.335069
0 0.379774 0.374421 0.363281 0.332755 0.365885 0.313079 0.338108 0.262153 0.284288 0.260995 0.266059 0.294560 0.265191 0.361690 0.291233 0.377894 0.325955 0.377894 0.320747 0.336227 0.335503 0.321181 0.339844 0.355903
0 0.270399 0.377894 0.221788 0.402199 0.152344 0.367477 0.158420 0.345486 0.200955 0.335069 0.204427 0.313079 0.156684 0.274884 0.151476 0.244792 0.200087 0.243634 0.259115 0.296875 0.258247 0.364005
2 0.603733 0.138310 0.628906 0.151042 0.637587 0.190394 0.632378 0.235532 0.570747 0.254051 0.510851 0.254051 0.492622 0.237847 0.498698 0.203125 0.501302 0.154514 0.529080 0.142940
2 0.606337 0.449653 0.628038 0.463542 0.640191 0.493634 0.639323 0.536458 0.621094 0.553819 0.566406 0.564236 0.516059 0.560764 0.497830 0.548032 0.503038 0.476273 0.518663 0.451968
2 0.641059 0.808449 0.630642 0.833912 0.601128 0.845486 0.542101 0.846644 0.507378 0.830440 0.496962 0.810764 0.496962 0.776042 0.507378 0.759838 0.576823 0.784144
3 0.511719 0.004051 0.509115 0.108218 0.499566 0.152199 0.489149 0.227431 0.469184 0.242477 0.444878 0.247106 0.432726 0.225116 0.378038 0.220486 0.365017 0.257523 0.261719 0.257523 0.220920 0.239005 0.193142 0.212384 0.179253 0.161458 0.187934 0.115162 0.234809 0.073495 0.282552 0.049190 0.411024 0.044560 0.417969 0.004051
3 0.454427 0.376736 0.486545 0.382523 0.496962 0.412616 0.500434 0.472801 0.494358 0.554977 0.489149 0.602431 0.470920 0.620949 0.414497 0.627894 0.386719 0.603588 0.270399 0.596644 0.243490 0.588542 0.211372 0.554977 0.197483 0.519097 0.193142 0.479745 0.205295 0.432292 0.235677 0.397569 0.279080 0.384838 0.384115 0.387153 0.398003 0.387153
3 0.458767 0.704282 0.477865 0.707755 0.490017 0.742477 0.496962 0.874421 0.496962 0.939236 0.493490 0.962384 0.477865 0.979745 0.417101 0.983218 0.405816 0.970486 0.389323 0.918403 0.276476 0.910301 0.244358 0.892940 0.214844 0.862847 0.201823 0.814236 0.200955 0.778356 0.229601 0.726273 0.256510 0.712384 0.253906 0.757523 0.310330 0.751736 0.341580 0.701968 0.357205 0.701968 0.354601 0.741319 0.379774 0.729745 0.388455 0.707755 0.422309 0.713542 0.424913 0.752894 0.454427 0.754051
1 0.684462 0.215856 0.506510 0.286458 0.490017 0.331597 0.493490 0.367477 0.514323 0.405671 0.689670 0.458912 0.742622 0.451968 0.786892 0.417245 0.805990 0.375579 0.814670 0.329282 0.798177 0.265625 0.759983 0.228588
1 0.713976 0.567708 0.515191 0.625579 0.501302 0.638310 0.488281 0.681134 0.490017 0.714699 0.507378 0.750579 0.667969 0.807292 0.715712 0.814236 0.759983 0.802662 0.805122 0.765625 0.821615 0.722801 0.820747 0.675347 0.803385 0.617477 0.767795 0.587384
