3 0.477533 0.507081 0.493056 0.533224 0.502859 0.573529 0.503676 0.672658 0.494690 0.748911 0.472631 0.771786 0.439951 0.779412 0.381127 0.770697 0.359886 0.740196 0.272467 0.723856 0.235703 0.707516 0.197304 0.675926 0.177696 0.641068 0.172794 0.593137 0.195670 0.548475 0.238971 0.517974 0.313317 0.503813 0.462827 0.499455
1 0.278186 0.145425 0.453840 0.193355 0.476716 0.218410 0.485703 0.253268 0.479984 0.299020 0.470997 0.319717 0.299428 0.382898 0.242239 0.380719 0.201389 0.353486 0.178513 0.304466 0.176879 0.247821 0.200572 0.191176 0.236520 0.159586
1 0.545343 0.001634 0.506944 0.013617 0.492239 0.039760 0.484886 0.097495 0.495507 0.129085 0.533088 0.153050 0.680147 0.223856 0.743056 0.214052 0.783088 0.186819 0.809232 0.151961 0.824755 0.104031 0.823938 0.047386 0.810866 0.019063 0.795343 0.002723
1 0.670343 0.719499 0.496324 0.772876 0.480801 0.792484 0.475082 0.821895 0.475082 0.852397 0.489788 0.876362 0.504493 0.897059 0.639297 0.949346 0.690768 0.959150 0.734069 0.946078 0.776552 0.913399 0.793709 0.851307 0.779820 0.783769 0.734069 0.739107
0 0.466095 0.198802 0.475899 0.078976 0.462010 0.013617 0.450572 0.001634 0.395833 0.002723 0.384395 0.035403 0.375408 0.100763 0.383578 0.168301
0 0.282271 0.003813 0.332925 0.150871 0.301879 0.148693 0.267565 0.142157 0.242239 0.155229 0.207925 0.087691 0.219363 0.013617 0.230801 0.001634
0 0.426879 0.381808 0.423611 0.425381 0.409722 0.437364 0.392565 0.438453 0.388480 0.407952 0.371324 0.373094 0.351716 0.373094 0.363154 0.444989 0.396650 0.483115 0.426879 0.485294 0.441585 0.465686 0.452206 0.421024 0.449755 0.376362
0 0.348448 0.417756 0.345997 0.458061 0.328840 0.482026 0.304330 0.486383 0.215278 0.477669 0.202206 0.458061 0.186683 0.392702 0.214461 0.397059 0.256944 0.414488 0.259395 0.389434 0.276552 0.377451
0 0.629493 0.252179 0.637663 0.321895 0.564134 0.390523 0.537990 0.393791 0.535539 0.366558 0.515931 0.377451 0.511029 0.392702 0.491422 0.392702 0.505310 0.326253 0.565768 0.239107 0.595997 0.228214
0 0.638480 0.305556 0.737337 0.241285 0.761846 0.231481 0.794526 0.240196 0.810866 0.325163 0.646650 0.395969 0.640931 0.377451 0.617239 0.383987 0.609886 0.393791 0.587010 0.391612 0.587827 0.370915 0.641748 0.320806
0 0.714461 0.443900 0.794526 0.429739 0.786356 0.491830 0.769199 0.517974 0.734886 0.524510 0.641748 0.516885 0.652369 0.434096 0.707925 0.426471
0 0.646650 0.430828 0.571487 0.447168 0.568219 0.436275 0.491422 0.453704 0.505310 0.504902 0.523284 0.517974 0.595180 0.533224 0.621324 0.529956 0.643382 0.517974
0 0.645833 0.561547 0.792075 0.637800 0.782271 0.700980 0.764297 0.728214 0.734069 0.731481 0.697304 0.709695 0.632761 0.657407 0.627042 0.631264 0.573938 0.582244 0.577206 0.569172 0.595180 0.566993 0.619690 0.597495 0.626225 0.597495 0.625408 0.563725
0 0.551062 0.561547 0.628676 0.634532 0.622958 0.695534 0.605801 0.723856 0.574755 0.727124 0.549428 0.704248 0.506127 0.634532 0.505310 0.576797 0.521650 0.596405 0.532271 0.573529
2 0.429330 0.781590 0.425245 0.801198 0.413807 0.821895 0.376225 0.833878 0.325572 0.831699 0.296160 0.819717 0.284722 0.790305 0.286356 0.751089 0.296977 0.732571 0.359886 0.743464 0.380310 0.773965
2 0.467729 0.857843 0.467729 0.951525 0.488154 0.985294 0.582925 0.996187 0.613154 0.975490 0.614788 0.939542 0.489788 0.894880
