4 0.400608 0.236690 0.447483 0.272569 0.457031 0.317708 0.460503 0.353588 0.475260 0.352431 0.477865 0.395255 0.462240 0.398727 0.460503 0.424190 0.446615 0.457755 0.425781 0.484375 0.390191 0.497106
4 0.385851 0.414931 0.384115 0.407986 0.393663 0.404514 0.393663 0.352431 0.383247 0.351273 0.381510 0.318866 0.369358 0.282986 0.350260 0.260995 0.323351 0.247106 0.310330 0.263310 0.305122 0.439236 0.313802 0.497106 0.345052 0.489005 0.366753 0.479745 0.378906 0.460069
4 0.312066 0.254051 0.299913 0.235532 0.249566 0.277199 0.238281 0.331597 0.238281 0.347801 0.226128 0.348958 0.228733 0.382523 0.236545 0.384838 0.236545 0.412616 0.248698 0.451968 0.269531 0.473958 0.297309 0.492477 0.305990 0.492477 0.301649 0.435764
4 0.433594 0.506366 0.427517 0.546875 0.413628 0.576968 0.385851 0.589699 0.352865 0.594329 0.352865 0.608218 0.325955 0.607060 0.322483 0.593171 0.294705 0.586227 0.266927 0.567708 0.248698 0.537616 0.242622 0.500579 0.278212 0.494792
4 0.705295 0.699653 0.709635 0.741319 0.707899 0.758681 0.690538 0.781829 0.628038 0.809606 0.603733 0.817708 0.599392 0.822338 0.575955 0.825810 0.572483 0.810764 0.528212 0.796875 0.496962 0.779514 0.486545 0.750579 0.466580 0.728588 0.465712 0.695023 0.475260 0.669560 0.489149 0.667245 0.507378 0.697338 0.537760 0.700810 0.570747 0.689236 0.621094 0.685764 0.673177 0.693866
2 0.555122 0.353588 0.497830 0.367477 0.483941 0.398727 0.479601 0.421875 0.483941 0.442708 0.504774 0.463542 0.549045 0.472801 0.601128 0.468171 0.633247 0.455440 0.647135 0.436921 0.651476 0.403356 0.639323 0.364005 0.583767 0.357060
2 0.678385 0.097801 0.676649 0.070023 0.665365 0.048032 0.632378 0.036458 0.555990 0.039931 0.529948 0.053819 0.521267 0.080440 0.515191 0.107060 0.517795 0.147569 0.528212 0.154514 0.654948 0.100116
1 0.698351 0.097801 0.650608 0.107060 0.478733 0.175347 0.470920 0.223958 0.486545 0.281829 0.687934 0.353588 0.748698 0.342014 0.815538 0.298032 0.849392 0.242477 0.848524 0.184606 0.820747 0.135995 0.773872 0.108218 0.727865 0.094329
1 0.725260 0.453125 0.668837 0.464699 0.613281 0.484375 0.574219 0.492477 0.537760 0.485532 0.507378 0.489005 0.483941 0.524884 0.480469 0.575810 0.487413 0.635995 0.498698 0.677662 0.516927 0.698495 0.546441 0.693866 0.569878 0.686921 0.620226 0.682292 0.680122 0.689236 0.717448 0.693866 0.772135 0.683449 0.820747 0.653356 0.859809 0.607060 0.865885 0.568866 0.856337 0.517940 0.808594 0.472801
1 0.451823 0.713542 0.459635 0.728588 0.470052 0.748264 0.486545 0.754051 0.490017 0.804977 0.477865 0.845486 0.456163 0.868634 0.431858 0.876736 0.264323 0.894097 0.220052 0.875579 0.180122 0.837384 0.155816 0.802662 0.148872 0.754051 0.165365 0.711227 0.207031 0.673032 0.268663 0.654514 0.350260 0.674190
3 0.532552 0.001736 0.529948 0.030671 0.517795 0.068866 0.505642 0.141782 0.494358 0.162616 0.440538 0.173032 0.311198 0.182292 0.260851 0.174190 0.216580 0.141782 0.194878 0.095486 0.203559 0.050347 0.238281 0.004051
