1 0.739583 0.081250 0.569792 0.139583 0.551042 0.142361 0.529167 0.157639 0.510417 0.188194 0.503125 0.221528 0.506250 0.271528 0.516667 0.288194 0.528125 0.293750 0.547917 0.317361 0.611458 0.336806 0.728125 0.354861 0.772917 0.345139 0.830208 0.311806 0.881250 0.260417 0.895833 0.211806 0.889583 0.164583 0.860417 0.127083 0.805208 0.096528
1 0.464583 0.384028 0.381250 0.388194 0.359375 0.368750 0.323958 0.350694 0.283333 0.342361 0.230208 0.357639 0.189583 0.385417 0.173958 0.414583 0.166667 0.456250 0.175000 0.499306 0.215625 0.539583 0.266667 0.563194 0.310417 0.564583 0.356250 0.545139 0.375000 0.532639 0.463542 0.531250 0.490625 0.467361
1 0.463542 0.706250 0.386458 0.710417 0.351042 0.681250 0.306250 0.664583 0.277083 0.664583 0.240625 0.677083 0.206250 0.696528 0.178125 0.729861 0.169792 0.774306 0.184375 0.814583 0.222917 0.849306 0.275000 0.878472 0.333333 0.875694 0.364583 0.856250 0.384375 0.846528 0.467708 0.854861 0.487500 0.809028 0.492708 0.792361 0.490625 0.764583
3 0.491667 0.004861 0.496875 0.072917 0.489583 0.181250 0.480208 0.222917 0.461458 0.236806 0.410417 0.243750 0.273958 0.243750 0.209375 0.224306 0.172917 0.184028 0.163542 0.150694 0.168750 0.102083 0.201042 0.060417 0.240625 0.029861 0.316667 0.006250
4 0.433333 0.286806 0.413542 0.267361 0.379167 0.259028 0.276042 0.253472 0.252083 0.261806 0.248958 0.282639 0.257292 0.304861 0.280208 0.339583 0.331250 0.343750 0.358333 0.360417 0.398958 0.335417 0.417708 0.310417 0.431250 0.307639
4 0.702083 0.495139 0.651042 0.492361 0.506250 0.490972 0.510417 0.463194 0.526042 0.434028 0.580208 0.413194 0.595833 0.413194 0.595833 0.390972 0.633333 0.385417 0.634375 0.403472 0.660417 0.421528 0.691667 0.445139 0.705208 0.467361
4 0.361458 0.546528 0.385417 0.550694 0.426042 0.565972 0.420833 0.593750 0.375000 0.622917 0.334375 0.638194 0.335417 0.660417 0.308333 0.660417 0.303125 0.645139 0.278125 0.627083 0.256250 0.606250 0.244792 0.586806 0.237500 0.552083 0.265625 0.564583 0.313542 0.570139
4 0.604167 0.678472 0.577083 0.693750 0.567708 0.681250 0.548958 0.679861 0.519792 0.703472 0.517708 0.743750 0.512500 0.784028 0.545833 0.806250 0.622917 0.818750 0.686458 0.815972 0.707292 0.802083 0.698958 0.772917 0.672917 0.728472 0.638542 0.700694 0.632292 0.686806
2 0.403125 0.853472 0.405208 0.925694 0.373958 0.952083 0.339583 0.957639 0.298958 0.949306 0.260417 0.929861 0.247917 0.897917 0.255208 0.875694 0.273958 0.881250 0.333333 0.878472 0.385417 0.849306
2 0.570833 0.540972 0.643750 0.547917 0.696875 0.565972 0.725000 0.593750 0.729167 0.631250 0.702083 0.660417 0.667708 0.678472 0.612500 0.679861 0.565625 0.661806 0.534375 0.634028 0.519792 0.582639 0.531250 0.564583 0.547917 0.549306
