2 0.503906 0.237847 0.685330 0.239005 0.683594 0.296875 0.564670 0.342014 0.541233 0.342014 0.513455 0.359375 0.493490 0.330440
2 0.503906 0.535301 0.664497 0.545718 0.677517 0.556134 0.680122 0.617477 0.666233 0.639468 0.518663 0.641782 0.503038 0.630208 0.496962 0.573495
2 0.453559 0.744792 0.454427 0.777199 0.444010 0.789931 0.291233 0.791088 0.281684 0.776042 0.282552 0.749421 0.351997 0.734375 0.394531 0.733218 0.424913 0.741319
1 0.708767 0.301505 0.557726 0.342014 0.545573 0.342014 0.513455 0.370949 0.496962 0.406829 0.496962 0.465856 0.508247 0.483218 0.523003 0.486690 0.536892 0.512153 0.557726 0.519097 0.710503 0.553819 0.762587 0.546875 0.833767 0.500579 0.859809 0.460069 0.866753 0.423032 0.858073 0.381366 0.821615 0.333912 0.763455 0.298032
1 0.697483 0.701968 0.537760 0.747106 0.499566 0.786458 0.488281 0.832755 0.491753 0.877894 0.504774 0.894097 0.522135 0.903356 0.536892 0.929977 0.563802 0.931134 0.726997 0.962384 0.768663 0.957755 0.825087 0.925347 0.868490 0.877894 0.879774 0.832755 0.870226 0.779514 0.807726 0.725116 0.740885 0.698495
1 0.521267 0.000579 0.520399 0.034144 0.525608 0.067708 0.547309 0.082755 0.551649 0.105903 0.563802 0.120949 0.746962 0.168403 0.769531 0.169560 0.849392 0.132523 0.899740 0.085069 0.917101 0.041088 0.919705 0.001736
1 0.490885 0.697338 0.499566 0.634838 0.489149 0.565394 0.466580 0.528356 0.433594 0.531829 0.392795 0.542245 0.345052 0.529514 0.259983 0.509838 0.202691 0.522569 0.158420 0.556134 0.134115 0.607060 0.136719 0.659144 0.171441 0.710069 0.216580 0.735532 0.289497 0.749421 0.349392 0.730903 0.398003 0.726273 0.427517 0.737847 0.453559 0.747106 0.484809 0.730903
1 0.493490 0.992477 0.487413 0.924190 0.468316 0.879051 0.442274 0.870949 0.415365 0.875579 0.370226 0.875579 0.310330 0.850116 0.241753 0.840856 0.189670 0.851273 0.153212 0.889468 0.133247 0.943866 0.142795 0.989005 0.159288 0.995949
4 0.408420 0.108218 0.388455 0.086227 0.365885 0.079282 0.360677 0.060764 0.337240 0.059606 0.327691 0.078125 0.289497 0.089699 0.257378 0.117477 0.253906 0.146412 0.259983 0.154514 0.295573 0.154514 0.398872 0.159144
0 0.335503 0.411458 0.351128 0.434606 0.351997 0.463542 0.339844 0.489005 0.296441 0.501736 0.269531 0.494792 0.225260 0.509838 0.221788 0.490162 0.236545 0.475116 0.234809 0.428819 0.215712 0.413773 0.213976 0.392940 0.263455 0.390625 0.285156 0.406829
3 0.468316 0.357060 0.481337 0.335069 0.484809 0.306134 0.494358 0.289931 0.499566 0.210069 0.498698 0.147569 0.495226 0.115162 0.470920 0.085069 0.431858 0.083912 0.416233 0.098958 0.408420 0.122106 0.402344 0.161458 0.288628 0.157986 0.246094 0.162616 0.200087 0.189236 0.173177 0.227431 0.167101 0.259838 0.168837 0.296875 0.193142 0.332755 0.233073 0.359375 0.264323 0.370949 0.384115 0.372106 0.443142 0.372106
