4 0.484809 0.144097 0.472656 0.189236 0.443142 0.189236 0.416233 0.200810 0.411024 0.237847 0.271267 0.243634 0.262587 0.223958 0.223524 0.174190 0.199219 0.129051 0.242622 0.114005 0.340712 0.107060 0.445747 0.118634
1 0.733073 0.064236 0.687934 0.067708 0.509983 0.144097 0.496962 0.170718 0.494358 0.199653 0.504774 0.226273 0.504774 0.267940 0.530816 0.280671 0.681858 0.320023 0.728733 0.324653 0.778212 0.298032 0.818142 0.256366 0.839844 0.199653 0.832899 0.132523 0.799045 0.085069
1 0.671441 0.434606 0.510851 0.498264 0.490017 0.529514 0.489149 0.563079 0.493490 0.608218 0.522135 0.634838 0.684462 0.675347 0.731337 0.673032 0.784288 0.641782 0.807726 0.582755 0.809462 0.524884 0.779948 0.470486 0.733073 0.442708
1 0.681858 0.798032 0.509983 0.847801 0.494358 0.884838 0.493490 0.920718 0.503038 0.960069 0.530816 0.984375 0.582899 0.997106 0.803385 0.994792 0.817274 0.958912 0.824219 0.914931 0.811198 0.868634 0.786892 0.825810 0.753906 0.820023 0.716580 0.787616
0 0.825955 0.295718 0.821615 0.323495 0.780816 0.333912 0.762587 0.348958 0.763455 0.375579 0.777344 0.392940 0.821615 0.398727 0.828559 0.420718 0.742622 0.439236 0.670573 0.428819 0.634983 0.448495 0.618490 0.429977 0.630642 0.417245 0.635851 0.384838 0.634983 0.366319 0.719184 0.330440 0.778212 0.307292
0 0.641059 0.667245 0.641927 0.692708 0.641927 0.713542 0.739149 0.798032 0.760851 0.815394 0.805122 0.825810 0.804253 0.795718 0.771267 0.781829 0.746094 0.766782 0.749566 0.740162 0.809462 0.721644 0.807726 0.699653 0.753038 0.670718 0.729601 0.682292 0.680122 0.682292
0 0.438802 0.472801 0.449219 0.508681 0.451823 0.549190 0.433594 0.587384 0.377170 0.600116 0.376302 0.568866 0.421441 0.554977 0.426649 0.528356 0.418837 0.500579 0.369358 0.499421 0.370226 0.470486
0 0.341580 0.589699 0.332031 0.542245 0.283420 0.598958 0.265191 0.600116 0.261719 0.571181 0.267795 0.528356 0.299045 0.504051 0.350260 0.485532 0.367622 0.485532 0.367622 0.509838 0.396267 0.539931 0.358073 0.593171
0 0.306858 0.492477 0.286892 0.477431 0.254774 0.475116 0.148872 0.485532 0.156684 0.510995 0.193142 0.517940 0.203559 0.539931 0.203559 0.566551 0.187934 0.576968 0.155816 0.579282 0.154948 0.612847 0.194878 0.603588 0.255642 0.574653 0.261719 0.523727
0 0.371962 0.803819 0.356337 0.972801 0.381510 0.972801 0.386719 0.921875 0.406684 0.912616 0.427517 0.918403 0.431858 0.977431 0.453559 0.980903 0.450955 0.860532 0.419705 0.857060 0.398003 0.836227 0.382378 0.802662
0 0.361545 0.837384 0.320747 0.975116 0.299913 0.990162 0.261719 0.986690 0.264323 0.950810 0.292969 0.901042 0.258247 0.895255 0.254774 0.872106 0.290365 0.792245 0.357205 0.795718
0 0.253038 0.907986 0.226128 0.971644 0.204427 0.986690 0.174913 0.986690 0.179253 0.953125 0.214844 0.912616 0.202691 0.896412 0.156684 0.880208 0.229601 0.767940 0.246962 0.780671 0.279080 0.809606 0.249566 0.864005
2 0.522135 0.742477 0.555122 0.747106 0.603733 0.743634 0.629774 0.729745 0.636719 0.704282 0.634115 0.666088 0.516927 0.640625 0.503038 0.647569 0.499566 0.657986 0.501302 0.728588
2 0.626302 0.413773 0.613281 0.427662 0.578559 0.439236 0.523872 0.438079 0.506510 0.436921 0.487413 0.420718 0.503038 0.385995 0.509115 0.328125 0.590712 0.323495 0.620226 0.335069 0.631510 0.369792 0.634115 0.391782
3 0.470052 0.192708 0.494358 0.208912 0.503038 0.234375 0.505642 0.278356 0.505642 0.360532 0.499566 0.391782 0.468316 0.439236 0.424045 0.448495 0.273872 0.456597 0.234809 0.442708 0.193142 0.412616 0.177517 0.370949 0.178385 0.326968 0.209635 0.277199 0.260851 0.250579 0.409288 0.242477 0.417969 0.220486 0.421441 0.200810 0.442274 0.192708
3 0.444010 0.582755 0.472656 0.587384 0.490017 0.604745 0.495226 0.663773 0.499566 0.762153 0.492622 0.829282 0.486545 0.846644 0.419705 0.852431 0.398003 0.837384 0.386719 0.801505 0.369358 0.792245 0.275608 0.786458 0.239149 0.770255 0.215712 0.742477 0.198351 0.703125 0.195747 0.663773 0.207899 0.620949 0.250434 0.583912 0.261719 0.603588 0.282552 0.603588 0.308594 0.578125 0.335503 0.578125 0.337240 0.590856 0.357205 0.596644 0.371962 0.590856 0.374566 0.604745 0.437066 0.594329
