3 0.500456 0.004258 0.496807 0.084550 0.457573 0.104015 0.456661 0.134428 0.266880 0.149027 0.218522 0.129562 0.189325 0.095499 0.176551 0.052920 0.189325 0.004258
3 0.457573 0.576034 0.257755 0.579684 0.207573 0.616180 0.182026 0.663625 0.187500 0.708637 0.214872 0.748783 0.270529 0.787713 0.399179 0.790146 0.420164 0.824209 0.436588 0.847324 0.490420 0.842457 0.506843 0.825426 0.508668 0.757299 0.504106 0.641727 0.490420 0.594282
1 0.655566 0.021290 0.460310 0.108881 0.450274 0.159976 0.463047 0.211071 0.685675 0.277981 0.744982 0.256083 0.786953 0.214720 0.824361 0.153893 0.825274 0.099148 0.792427 0.052920 0.734945 0.023723
1 0.457573 0.217153 0.478558 0.234185 0.498631 0.295012 0.494069 0.368005 0.484945 0.420316 0.453011 0.444647 0.403741 0.436131 0.359033 0.436131 0.304288 0.456813 0.234945 0.460462 0.183850 0.437348 0.148266 0.389903 0.145529 0.327859 0.167427 0.268248 0.213047 0.225669 0.272354 0.212287 0.347172 0.225669 0.388230 0.232968 0.438412 0.218370
1 0.601734 0.404501 0.467609 0.453163 0.453011 0.509124 0.463960 0.550487 0.661040 0.629562 0.713960 0.627129 0.763230 0.600365 0.813412 0.561436 0.830748 0.527372 0.826186 0.479927 0.792427 0.427616 0.743157 0.393552 0.680201 0.380170
1 0.649179 0.765815 0.497719 0.837591 0.481296 0.854623 0.476734 0.893552 0.488595 0.932482 0.652357 0.998333 0.779653 0.995742 0.838047 0.949513 0.858120 0.902068 0.849909 0.852190 0.815237 0.809611 0.755931 0.764599
2 0.530566 0.001825 0.516880 0.033455 0.521442 0.073601 0.658303 0.018856 0.668339 0.018856 0.659215 0.003041
2 0.613595 0.303528 0.522354 0.302311 0.500456 0.320560 0.497719 0.366788 0.497719 0.399635 0.578011 0.411800 0.636405 0.389903 0.643704 0.360706 0.638230 0.331509
2 0.387318 0.454380 0.409215 0.456813 0.429288 0.493309 0.429288 0.529805 0.411040 0.552920 0.351734 0.567518 0.305201 0.562652 0.287865 0.539538 0.283303 0.494526 0.310675 0.459246
2 0.577099 0.602798 0.544252 0.591849 0.521442 0.599148 0.516880 0.635645 0.524179 0.675791 0.541515 0.703771 0.577099 0.719586 0.639142 0.715937 0.663777 0.701338 0.675639 0.669708 0.666515 0.633212
4 0.418339 0.849757 0.361770 0.878954 0.312500 0.878954 0.276916 0.855839 0.248631 0.814477 0.258668 0.785280 0.268704 0.793796 0.397354 0.793796 0.417427 0.830292
4 0.458485 0.992092 0.456661 0.860706 0.414690 0.861922 0.365420 0.886253 0.314325 0.885036 0.289690 0.875304 0.273266 0.900852 0.277828 0.998175
