1 0.469434 0.692822 0.679288 0.756083 0.726734 0.754866 0.780566 0.732968 0.830748 0.692822 0.852646 0.653893 0.855383 0.613747 0.845347 0.572384 0.755931 0.505474 0.690237 0.496959 0.633668 0.517640 0.471259 0.593066 0.458485 0.647810
1 0.492245 0.291363 0.495894 0.309611 0.513230 0.316910 0.525091 0.344891 0.705748 0.377737 0.745894 0.374088 0.798814 0.346107 0.837135 0.305961 0.857208 0.258516 0.858120 0.212287 0.828923 0.177007 0.786040 0.144161 0.735858 0.124696 0.697536 0.125912 0.547901 0.175791 0.528741 0.174574 0.507755 0.196472 0.489507 0.226886 0.487682 0.267032
3 0.490420 0.011557 0.491332 0.123479 0.486770 0.209854 0.467609 0.229319 0.275091 0.263382 0.218522 0.246350 0.186588 0.219586 0.168339 0.169708 0.176551 0.131995 0.203923 0.094282 0.231296 0.067518 0.279653 0.038321 0.371807 0.024939 0.384580 0.003041 0.465176 0.000000
3 0.412865 0.302311 0.462135 0.307178 0.474909 0.324209 0.485858 0.364355 0.492245 0.434915 0.490420 0.513990 0.478558 0.537105 0.456661 0.548054 0.415602 0.556569 0.389142 0.552920 0.257755 0.563869 0.222172 0.545620 0.200274 0.515207 0.186588 0.473844 0.192062 0.426399 0.213960 0.387470 0.245894 0.350973 0.372719 0.333942
3 0.421077 0.697689 0.460310 0.702555 0.484945 0.729319 0.494982 0.775547 0.507755 0.833942 0.509580 0.905718 0.503193 0.959246 0.488595 0.986010 0.461223 0.990876 0.429288 0.986010 0.417427 0.961679 0.411040 0.898418 0.276004 0.903285 0.240420 0.889903 0.202099 0.863139 0.182938 0.825426 0.182026 0.785280 0.192974 0.752433 0.236770 0.715937 0.283303 0.702555
4 0.413777 0.976277 0.378193 0.987226 0.282391 0.984793 0.265055 0.968978 0.264142 0.950730 0.270529 0.910584 0.410128 0.904501
4 0.461223 0.594282 0.456661 0.565085 0.249544 0.573601 0.213960 0.597932 0.213047 0.656326 0.454836 0.646594
4 0.419252 0.277981 0.364507 0.268248 0.254106 0.277981 0.234033 0.293796 0.255018 0.347324 0.376369 0.332725 0.413777 0.299878
2 0.663777 0.130779 0.657391 0.104015 0.630931 0.091849 0.586223 0.085766 0.553376 0.089416 0.526004 0.105231 0.514142 0.136861 0.513230 0.164842 0.518704 0.179440 0.527828 0.168491 0.548814 0.173358
2 0.651004 0.409367 0.616332 0.399635 0.562500 0.397202 0.526004 0.413017 0.515055 0.439781 0.518704 0.479927 0.541515 0.506691 0.629106 0.506691 0.655566 0.489659 0.668339 0.465328 0.668339 0.434915
2 0.520529 0.712287 0.512318 0.740268 0.514142 0.779197 0.530566 0.807178 0.557026 0.813260 0.635493 0.813260 0.652828 0.801095 0.661040 0.781630 0.659215 0.757299
