4 0.504774 0.546875 0.509115 0.852431 0.712240 0.854745 0.703559 0.544560
4 0.465712 0.673032 0.464844 0.737847 0.204427 0.736690 0.206163 0.688079 0.237413 0.699653 0.278212 0.704282 0.348524 0.679977
2 0.471788 0.167245 0.482205 0.125579 0.474392 0.080440 0.420573 0.059606 0.359809 0.059606 0.323351 0.086227 0.420573 0.118634 0.441406 0.118634 0.452691 0.141782
2 0.647135 0.274884 0.648872 0.252894 0.641059 0.215856 0.620226 0.204282 0.514323 0.204282 0.491753 0.220486 0.483073 0.242477 0.476997 0.308449 0.493490 0.329282 0.507378 0.336227 0.537760 0.302662 0.557726 0.303819
2 0.426649 0.354745 0.458767 0.372106 0.472656 0.388310 0.473524 0.426505 0.466580 0.450810 0.425781 0.463542 0.362413 0.460069 0.325955 0.446181 0.309462 0.424190 0.313802 0.379051 0.347656 0.355903 0.399740 0.350116
0 0.172309 0.317708 0.232205 0.325810 0.241753 0.355903 0.308594 0.379051 0.299913 0.424190 0.279948 0.450810 0.240017 0.453125 0.206163 0.431134 0.167101 0.432292 0.178385 0.411458 0.202691 0.406829 0.198351 0.361690 0.172309 0.340856
1 0.734809 0.255208 0.562066 0.307292 0.546441 0.303819 0.516059 0.329282 0.503906 0.357060 0.495226 0.391782 0.498698 0.432292 0.507378 0.445023 0.516927 0.455440 0.534288 0.483218 0.726997 0.524884 0.771267 0.514468 0.828559 0.477431 0.869358 0.436921 0.883247 0.392940 0.876302 0.342014 0.837240 0.295718 0.771267 0.265625
1 0.482205 0.765625 0.494358 0.782986 0.497830 0.990162 0.489149 0.991319 0.404948 0.993634 0.385851 0.980903 0.248698 0.969329 0.212240 0.945023 0.187066 0.901042 0.177517 0.846644 0.187934 0.810764 0.211372 0.782986 0.253906 0.754051 0.325087 0.754051
1 0.413628 0.486690 0.431858 0.493634 0.441406 0.514468 0.469184 0.536458 0.467448 0.580440 0.457899 0.624421 0.431858 0.649884 0.412760 0.659144 0.264323 0.696181 0.220920 0.689236 0.179253 0.666088 0.145399 0.631366 0.127170 0.589699 0.132378 0.542245 0.163628 0.494792 0.200955 0.468171 0.240885 0.454282 0.299045 0.460069
1 0.418837 0.122106 0.438802 0.122106 0.451823 0.147569 0.471788 0.170718 0.473524 0.206597 0.471788 0.237847 0.454427 0.263310 0.429253 0.286458 0.404948 0.296875 0.252170 0.326968 0.210503 0.315394 0.173177 0.286458 0.141927 0.251736 0.131510 0.213542 0.140191 0.169560 0.164497 0.131366 0.205295 0.095486 0.257378 0.080440 0.311198 0.088542
