4 0.434462 0.170718 0.415365 0.155671 0.351128 0.144097 0.285156 0.146412 0.253038 0.161458 0.252170 0.189236 0.267795 0.220486 0.384115 0.215856 0.395399 0.189236 0.414497 0.173032
4 0.455295 0.442708 0.471788 0.456597 0.476128 0.520255 0.213976 0.521412 0.214844 0.462384 0.254774 0.447338
4 0.392795 0.785301 0.392795 0.846644 0.394531 0.994792 0.436198 0.995949 0.457031 0.962384 0.458767 0.901042 0.467448 0.897569 0.469184 0.850116 0.463108 0.850116 0.458767 0.837384 0.439670 0.831597 0.429253 0.800347 0.424045 0.773727
4 0.384115 0.843171 0.393663 0.847801 0.392795 0.901042 0.387587 0.899884 0.386719 0.926505 0.378038 0.958912 0.356337 0.991319 0.317274 0.994792 0.312934 0.919560 0.313802 0.839699 0.319010 0.788773 0.377170 0.781829
4 0.312934 0.979745 0.309462 0.911458 0.310330 0.838542 0.310330 0.780671 0.286024 0.779514 0.266059 0.776042 0.248698 0.835069 0.235677 0.847801 0.233073 0.879051 0.241753 0.882523 0.242622 0.911458 0.248698 0.951968 0.261719 0.978588 0.283420 0.997106 0.311198 0.997106
2 0.532552 0.287616 0.606337 0.286458 0.650608 0.299190 0.664497 0.330440 0.663628 0.365162 0.659288 0.372106 0.562934 0.411458 0.529948 0.406829 0.509115 0.390625 0.497830 0.366319 0.496962 0.329282 0.510851 0.299190
2 0.508247 0.603588 0.554253 0.595486 0.583767 0.593171 0.634983 0.611690 0.663628 0.633681 0.668837 0.670718 0.659288 0.703125 0.624566 0.718171 0.564670 0.723958 0.526476 0.713542 0.520399 0.649884 0.509983 0.625579
1 0.592448 0.009838 0.582899 0.007523 0.553385 0.026042 0.530816 0.057292 0.521267 0.112847 0.532552 0.152199 0.549913 0.166088 0.563802 0.191551 0.738281 0.235532 0.790365 0.225116 0.844184 0.199653 0.878038 0.168403 0.904080 0.134838 0.916233 0.092014 0.904080 0.043403 0.869815 0.000000 0.618490 0.004051
1 0.685330 0.369792 0.490885 0.435764 0.479601 0.486690 0.489149 0.536458 0.689670 0.624421 0.729601 0.626736 0.771267 0.618634 0.824219 0.590856 0.861545 0.549190 0.877170 0.508681 0.874566 0.472801 0.845052 0.424190 0.799045 0.384838 0.747830 0.368634
1 0.678385 0.771412 0.477865 0.860532 0.469184 0.905671 0.487413 0.958912 0.603733 0.998264 0.790365 0.997106 0.826823 0.967014 0.841580 0.932292 0.841580 0.891782 0.819010 0.842014 0.776476 0.796875 0.721788 0.771412
3 0.446615 0.571181 0.281684 0.567708 0.229601 0.593171 0.200955 0.627894 0.188802 0.667245 0.196615 0.714699 0.219184 0.744792 0.266059 0.771412 0.333767 0.778356 0.428385 0.772569 0.431858 0.798032 0.435330 0.815394 0.444010 0.830440 0.487413 0.839699 0.511719 0.824653 0.523872 0.799190 0.525608 0.729745 0.517795 0.662616 0.507378 0.630208 0.497830 0.617477 0.484809 0.581597
3 0.452691 0.174190 0.475260 0.178819 0.490017 0.203125 0.494358 0.279514 0.491753 0.351273 0.485677 0.413773 0.467448 0.436921 0.279080 0.435764 0.236545 0.428819 0.204427 0.398727 0.190538 0.350116 0.192274 0.303819 0.209635 0.259838 0.252170 0.230903 0.291233 0.219329 0.391059 0.220486 0.397135 0.198495 0.411024 0.178819 0.438802 0.177662
