2 0.529003 0.099673 0.542075 0.096405 0.688317 0.090959 0.697304 0.102941 0.698938 0.159586 0.515931 0.219499 0.512663 0.196623 0.514297 0.163943 0.518382 0.131264
0 0.763480 0.449346 0.785539 0.442810 0.800245 0.418845 0.762663 0.414488 0.736520 0.417756 0.726716 0.431917 0.676062 0.427560 0.659722 0.452614 0.660539 0.494009 0.680147 0.524510 0.738154 0.520153 0.761846 0.524510 0.785539 0.528867 0.789624 0.524510 0.785539 0.503813 0.758578 0.499455
0 0.672794 0.412309 0.669526 0.435185 0.650735 0.448257 0.650735 0.496187 0.666258 0.511438 0.672794 0.528867 0.626225 0.526688 0.613971 0.516885 0.586193 0.520153 0.573938 0.496187 0.572304 0.451525 0.587827 0.431917 0.613154 0.425381 0.627859 0.415577
0 0.583742 0.409041 0.579657 0.437364 0.567402 0.450436 0.566585 0.490741 0.583742 0.521242 0.578023 0.523420 0.528186 0.516885 0.492239 0.516885 0.480801 0.507081 0.475899 0.461329 0.484069 0.439542 0.507761 0.431917 0.519199 0.429739 0.529820 0.416667
0 0.384395 0.571351 0.429330 0.574619 0.446487 0.596405 0.447304 0.619281 0.442402 0.644336 0.444036 0.665033 0.444036 0.685730 0.434232 0.707516 0.422794 0.718410 0.412173 0.722767 0.375408 0.726035 0.377859 0.683551 0.378676 0.633442 0.368873 0.622549 0.377042 0.612745
0 0.375408 0.642157 0.350899 0.667211 0.346814 0.703159 0.338644 0.717320 0.308415 0.726035 0.277369 0.727124 0.292892 0.681373 0.293709 0.638889 0.278186 0.638889 0.274918 0.622549 0.283088 0.617102 0.293709 0.621460 0.306781 0.598584 0.367239 0.574619 0.372141 0.589869 0.372958 0.600763 0.363971 0.618192 0.363971 0.629085
0 0.288807 0.661765 0.250408 0.691176 0.238971 0.718410 0.219363 0.727124 0.181781 0.731481 0.184232 0.710784 0.206291 0.685730 0.203023 0.641068 0.183415 0.641068 0.177696 0.622549 0.189134 0.619281 0.199755 0.623638 0.230801 0.596405 0.264297 0.607298 0.274918 0.649782 0.285539 0.649782
0 0.412990 0.403595 0.437500 0.394880 0.456291 0.373094 0.453840 0.319717 0.458742 0.296841 0.461193 0.267429 0.448121 0.236928 0.384395 0.230392 0.386029 0.284858 0.395016 0.324074 0.383578 0.328431 0.387663 0.350218 0.398284 0.393791
0 0.381944 0.393791 0.354167 0.302288 0.350082 0.270697 0.330474 0.246732 0.279820 0.239107 0.283905 0.273965 0.296160 0.290305 0.292892 0.332789 0.277369 0.332789 0.275735 0.348039 0.291258 0.351307 0.307598 0.368736
0 0.288807 0.314270 0.251225 0.290305 0.236520 0.255447 0.180964 0.246732 0.180964 0.258715 0.201389 0.291394 0.201389 0.334967 0.180964 0.341503 0.178513 0.361111 0.198121 0.356754 0.224265 0.375272 0.256944 0.362200
1 0.700572 0.159586 0.514297 0.224946 0.498775 0.241285 0.489788 0.272876 0.491422 0.316449 0.509395 0.348039 0.670343 0.403595 0.731618 0.395969 0.776552 0.367647 0.804330 0.321895 0.809232 0.268519 0.793709 0.211874 0.761846 0.184641 0.731618 0.171569
1 0.701389 0.528867 0.650735 0.532135 0.516748 0.592048 0.502859 0.619281 0.502042 0.651961 0.503676 0.706427 0.518382 0.743464 0.660539 0.784858 0.712827 0.788126 0.770016 0.771786 0.813317 0.740196 0.836193 0.698802 0.841095 0.659586 0.831291 0.620370 0.805147 0.582244 0.762663 0.545207
1 0.444853 0.794662 0.319036 0.745643 0.275735 0.733660 0.233252 0.744553 0.204657 0.766340 0.186683 0.797930 0.178513 0.846950 0.189134 0.897059 0.220180 0.939542 0.270016 0.965686 0.323121 0.959150 0.458742 0.924292 0.471814 0.902505 0.479984 0.868736 0.476716 0.834967 0.465278 0.811002
1 0.419526 0.407952 0.451389 0.419935 0.467729 0.442810 0.470997 0.490741 0.464461 0.527778 0.448121 0.548475 0.284722 0.597495 0.246324 0.598584 0.204657 0.576797 0.174428 0.543028 0.162990 0.486383 0.170343 0.440632 0.193219 0.397059 0.242239 0.366558 0.283905 0.365468
3 0.467729 0.258715 0.488971 0.245643 0.497141 0.212963 0.501225 0.123638 0.502042 0.045207 0.495507 0.001634 0.392565 0.000545 0.386029 0.040850 0.276552 0.055011 0.235703 0.076797 0.208742 0.110566 0.195670 0.142157 0.194853 0.183551 0.203023 0.218410 0.224265 0.241285 0.252859 0.260893 0.274918 0.265251 0.275735 0.233660 0.332925 0.244553 0.354984 0.273965 0.377859 0.275054 0.381127 0.223856 0.449755 0.233660
4 0.493056 0.699891 0.503676 0.743464 0.555147 0.787037 0.571487 0.787037 0.577206 0.800109 0.603350 0.806645 0.603350 0.791394 0.640931 0.787037 0.515931 0.745643
