1 0.565367 0.132263 0.634174 0.110856 0.713303 0.090979 0.758028 0.084862 0.826835 0.110856 0.878440 0.161315 0.892202 0.204128 0.888761 0.237768 0.872706 0.275994 0.836009 0.312691 0.797018 0.338685 0.754587 0.353976 0.715596 0.358563 0.549312 0.317278 0.527523 0.301988 0.521789 0.286697 0.501147 0.260703 0.497706 0.219419 0.509174 0.168960 0.536697 0.139908 0.552752 0.126147
1 0.385321 0.003823 0.404817 0.011468 0.456422 0.009939 0.480978 0.011387 0.505823 0.071429 0.505823 0.093168 0.498835 0.121118 0.478649 0.158385 0.469332 0.165631 0.400233 0.158385 0.368401 0.177019 0.355202 0.162526 0.355202 0.145963 0.339674 0.143892 0.333463 0.158385 0.331134 0.188406 0.305512 0.193582 0.286102 0.149068 0.262034 0.136646 0.262034 0.186335 0.260481 0.192547 0.217003 0.167702 0.192935 0.135611 0.179736 0.095238 0.182065 0.054865 0.202252 0.020704 0.224767 0.000000
1 0.658773 0.502070 0.506599 0.557971 0.494177 0.577640 0.485637 0.608696 0.487966 0.646998 0.501941 0.679089 0.565606 0.701863 0.683618 0.737060 0.728649 0.727743 0.768245 0.710145 0.798525 0.667702 0.807842 0.623188 0.799301 0.569358 0.774457 0.528986 0.734860 0.505176 0.692158 0.495859
3 0.446817 0.293996 0.406444 0.293996 0.385481 0.313665 0.267469 0.324017 0.230978 0.343685 0.211568 0.367495 0.196817 0.395445 0.190606 0.426501 0.191382 0.455487 0.199922 0.488613 0.225543 0.520704 0.258929 0.539337 0.389363 0.541408 0.416537 0.545549 0.460016 0.539337 0.476320 0.536232 0.490295 0.514493 0.495730 0.452381 0.494953 0.371636 0.485637 0.316770 0.467780 0.295031
2 0.566382 0.375776 0.541537 0.378882 0.528339 0.402692 0.527562 0.467909 0.554736 0.476190 0.640916 0.479296 0.701475 0.474120 0.710792 0.459627 0.712345 0.398551 0.700699 0.379917
2 0.519798 0.692547 0.520575 0.741201 0.526786 0.769151 0.542314 0.782609 0.659550 0.789855 0.696040 0.783644 0.699922 0.773292 0.700699 0.734990 0.682065 0.741201 0.562500 0.703934
0 0.647127 0.001035 0.582686 0.121118 0.705357 0.089027 0.757376 0.007246
0 0.341227 0.143892 0.356755 0.143892 0.354425 0.160455 0.389363 0.262940 0.387034 0.306418 0.329581 0.312629 0.269022 0.216356 0.265140 0.184265 0.262811 0.140787 0.279891 0.149068 0.309394 0.210145 0.318711 0.207039 0.331910 0.189441
0 0.327252 0.769151 0.286102 0.950311 0.370730 0.953416 0.375388 0.939959 0.393245 0.774327 0.376165 0.769151 0.375388 0.789855 0.364519 0.798137 0.351320 0.796066 0.344332 0.767081
4 0.442158 0.551760 0.254270 0.547619 0.254270 0.769151 0.443711 0.772257
