1 0.486294 0.119152 0.472039 0.170322 0.478618 0.227339 0.674890 0.322368 0.728618 0.335526 0.795504 0.323830 0.863487 0.255117 0.885417 0.209795 0.883224 0.165936 0.858004 0.111842 0.781250 0.062135 0.709978 0.053363 0.635417 0.073830
1 0.658443 0.464181 0.478618 0.535819 0.466557 0.582602 0.479715 0.635234 0.679276 0.715643 0.754934 0.706871 0.817434 0.668860 0.848136 0.635234 0.862390 0.591374 0.850329 0.537281 0.780154 0.474415 0.707785 0.456871
1 0.847039 0.996345 0.854715 0.953947 0.824013 0.886696 0.759320 0.838450 0.636513 0.836988 0.479715 0.910088 0.466557 0.970029 0.477171 0.998333
3 0.440241 0.594298 0.241776 0.607456 0.180373 0.645468 0.163925 0.699561 0.178180 0.756579 0.233004 0.801901 0.327303 0.829678 0.353618 0.839912 0.376645 0.867690 0.413925 0.877924 0.458882 0.879386 0.480811 0.854532 0.493969 0.755117 0.495066 0.664474 0.489583 0.646930 0.474232 0.639620 0.468750 0.608918
3 0.491776 0.233187 0.497259 0.263889 0.502741 0.402778 0.486294 0.446637 0.463268 0.461257 0.281250 0.478801 0.238487 0.472953 0.205592 0.451023 0.180373 0.423246 0.169408 0.372076 0.185855 0.319444 0.233004 0.279971 0.286732 0.258041 0.400768 0.258041 0.405154 0.228801 0.439145 0.208333 0.473136 0.214181
4 0.412829 0.209795 0.386513 0.192251 0.354715 0.190789 0.352522 0.173246 0.322917 0.174708 0.318531 0.192251 0.286732 0.206871 0.261513 0.233187 0.249452 0.252193 0.249452 0.266813 0.288925 0.255117 0.396382 0.255117 0.402961 0.236111
0 0.507127 0.443713 0.518092 0.391082 0.538925 0.373538 0.590461 0.325292 0.621162 0.309211 0.647478 0.316520 0.662829 0.348684 0.668311 0.408626 0.560855 0.458333 0.558662 0.432018 0.544408 0.436404
0 0.603618 0.449561 0.617873 0.455409 0.650768 0.439327 0.651864 0.461257 0.769189 0.440789 0.830592 0.424708 0.834978 0.405702 0.825110 0.339912 0.802083 0.325292 0.733004 0.338450 0.673794 0.361842 0.674890 0.415936
0 0.522478 0.660088 0.516996 0.693713 0.578399 0.831140 0.593750 0.832602 0.605811 0.782895 0.620066 0.775585 0.644189 0.817982 0.672697 0.838450 0.675987 0.794591 0.655154 0.741959 0.604715 0.689327
0 0.668311 0.766813 0.734101 0.829678 0.740680 0.829678 0.750548 0.793129 0.782346 0.812135 0.792215 0.829678 0.827303 0.842836 0.829496 0.823830 0.816338 0.753655 0.753838 0.720029 0.673794 0.720029 0.622259 0.699561 0.665022 0.741959
2 0.410636 0.497807 0.424890 0.518275 0.425987 0.556287 0.419408 0.588450 0.391996 0.595760 0.306469 0.591374 0.276864 0.573830 0.264803 0.546053 0.273575 0.500731 0.304276 0.486111
4 0.409539 0.880848 0.401864 0.892544 0.306469 0.895468 0.247259 0.870614 0.249452 0.844298 0.268092 0.819444 0.326206 0.835526 0.348136 0.842836 0.377741 0.873538
