1 0.520833 0.002083 0.506250 0.027083 0.501042 0.065972 0.505208 0.111806 0.520833 0.127083 0.533333 0.143750 0.554167 0.152083 0.696875 0.186806 0.763542 0.175694 0.802083 0.156250 0.859375 0.100694 0.870833 0.057639 0.861458 0.003472
1 0.727083 0.303472 0.679167 0.310417 0.626042 0.331250 0.582292 0.343750 0.546875 0.342361 0.530208 0.338194 0.514583 0.334028 0.493750 0.347917 0.477083 0.377083 0.471875 0.417361 0.476042 0.478472 0.487500 0.527083 0.510417 0.553472 0.545833 0.556250 0.568750 0.539583 0.620833 0.532639 0.682292 0.547917 0.730208 0.550694 0.777083 0.534028 0.823958 0.502083 0.852083 0.467361 0.859375 0.411806 0.844792 0.356250 0.782292 0.315972
1 0.656250 0.715972 0.616667 0.729861 0.564583 0.729861 0.520833 0.724306 0.490625 0.740972 0.475000 0.782639 0.478125 0.864583 0.486458 0.917361 0.510417 0.943750 0.543750 0.949306 0.565625 0.935417 0.608333 0.929861 0.661458 0.935417 0.706250 0.950694 0.785417 0.942361 0.850000 0.900694 0.875000 0.854861 0.875000 0.799306 0.843750 0.747917 0.781250 0.711806 0.723958 0.697917
1 0.487500 0.563194 0.492708 0.570139 0.505208 0.611806 0.500000 0.664583 0.307292 0.738194 0.251042 0.731250 0.191667 0.684028 0.166667 0.640972 0.176042 0.585417 0.217708 0.536806 0.279167 0.506250 0.328125 0.511806
0 0.551042 0.557639 0.562500 0.579861 0.579167 0.572917 0.582292 0.597917 0.567708 0.602083 0.567708 0.645139 0.587500 0.677083 0.590625 0.700694 0.526042 0.689583 0.512500 0.664583 0.506250 0.624306 0.507292 0.606250 0.494792 0.552083 0.500000 0.550694 0.506250 0.557639
0 0.580208 0.543750 0.589583 0.652083 0.613542 0.661806 0.632292 0.689583 0.659375 0.697917 0.703125 0.697917 0.685417 0.660417 0.668750 0.649306 0.667708 0.610417 0.689583 0.600694 0.691667 0.575694 0.668750 0.585417
0 0.706250 0.553472 0.763542 0.586806 0.795833 0.582639 0.791667 0.600694 0.763542 0.607639 0.764583 0.638194 0.770833 0.652083 0.810417 0.692361 0.803125 0.697917 0.750000 0.697917 0.726042 0.677083 0.684375 0.645139
0 0.763542 0.309028 0.810417 0.292361 0.805208 0.272917 0.773958 0.272917 0.775000 0.234028 0.809375 0.192361 0.810417 0.174306 0.768750 0.179861 0.738542 0.196528 0.734375 0.224306 0.709375 0.232639 0.708333 0.302083 0.727083 0.302083
0 0.703125 0.302083 0.703125 0.282639 0.681250 0.281250 0.680208 0.238194 0.705208 0.188194 0.678125 0.188194 0.656250 0.193750 0.630208 0.220139 0.610417 0.252083 0.636458 0.318750
0 0.573958 0.335417 0.605208 0.304861 0.620833 0.290972 0.614583 0.272917 0.601042 0.271528 0.598958 0.238194 0.614583 0.206250 0.617708 0.170139 0.555208 0.188194 0.541667 0.227083 0.538542 0.256250 0.510417 0.282639 0.504167 0.332639
0 0.441667 0.003472 0.433333 0.031250 0.430208 0.047917 0.437500 0.096528 0.373958 0.113194 0.360417 0.047917 0.376042 0.040972 0.376042 0.000000
0 0.341667 0.003472 0.337500 0.045139 0.364583 0.128472 0.342708 0.145139 0.296875 0.159028 0.268750 0.079861 0.268750 0.061806 0.281250 0.061806 0.280208 0.031250 0.267708 0.002083
0 0.263542 0.074306 0.247917 0.046528 0.248958 0.014583 0.241667 0.000694 0.173958 0.000694 0.198958 0.046528 0.198958 0.065972 0.173958 0.084028 0.177083 0.102083 0.191667 0.102083 0.233333 0.185417 0.283333 0.157639
2 0.440625 0.690972 0.441667 0.718750 0.427083 0.814583 0.341667 0.815972 0.260417 0.809028 0.247917 0.736806 0.308333 0.740972
2 0.419792 0.399306 0.430208 0.407639 0.416667 0.515972 0.346875 0.517361 0.326042 0.511806 0.280208 0.507639 0.248958 0.507639 0.229167 0.410417 0.244792 0.407639
3 0.445833 0.395139 0.479167 0.360417 0.497917 0.329861 0.496875 0.207639 0.481250 0.125694 0.456250 0.104861 0.428125 0.104861 0.380208 0.114583 0.372917 0.117361 0.361458 0.142361 0.342708 0.149306 0.296875 0.165972 0.268750 0.167361 0.214583 0.199306 0.182292 0.232639 0.168750 0.268750 0.172917 0.321528 0.190625 0.349306 0.242708 0.379861 0.321875 0.395139
