3 0.480383 0.004258 0.476734 0.113747 0.455748 0.124696 0.449361 0.167275 0.286953 0.185523 0.237682 0.181873 0.202099 0.158759 0.183850 0.131995 0.173814 0.097932 0.176551 0.054136 0.200274 0.004258
1 0.708485 0.040754 0.473996 0.122263 0.459398 0.127129 0.450274 0.177007 0.453923 0.226886 0.686588 0.318127 0.758668 0.308394 0.817974 0.262165 0.852646 0.212287 0.859033 0.161192 0.837135 0.108881 0.780566 0.061436
1 0.468522 0.312044 0.485858 0.325426 0.498631 0.380170 0.493157 0.421533 0.288777 0.498175 0.242245 0.494526 0.185675 0.467762 0.150091 0.430049 0.136405 0.378954 0.147354 0.329075 0.196624 0.273114 0.257755 0.245134 0.337135 0.252433
1 0.442974 0.548054 0.457573 0.600365 0.681113 0.674574 0.757755 0.662409 0.815237 0.612530 0.841697 0.552920 0.833485 0.494526 0.785128 0.437348 0.715785 0.405718 0.628193 0.422749 0.453923 0.486010
1 0.509580 0.704988 0.522354 0.756083 0.515055 0.815693 0.298814 0.876521 0.245894 0.863139 0.200274 0.835158 0.169252 0.791363 0.154653 0.753650 0.165602 0.694039 0.223084 0.644161 0.293339 0.623479 0.369982 0.645377
1 0.694799 0.816910 0.533303 0.855839 0.505018 0.891119 0.501369 0.949513 0.510493 0.979927 0.531478 0.986010 0.539690 0.998175 0.856296 0.995742 0.867245 0.971411 0.863595 0.931265 0.840785 0.888686 0.780566 0.829075
2 0.639142 0.662409 0.649179 0.697689 0.632755 0.742701 0.569799 0.752433 0.523266 0.746350 0.514142 0.702555 0.495894 0.687956 0.500456 0.656326 0.519617 0.629562 0.568887 0.639294
2 0.639142 0.338808 0.651916 0.372871 0.650091 0.413017 0.626369 0.415450 0.554288 0.450730 0.515967 0.443431 0.496807 0.423966 0.499544 0.381387 0.511405 0.350973 0.538777 0.331509 0.604471 0.329075
2 0.638230 0.048054 0.622719 0.031022 0.577099 0.028589 0.528741 0.033455 0.508668 0.045620 0.494069 0.076034 0.496807 0.111314
4 0.410128 0.282847 0.390967 0.256083 0.347172 0.237835 0.336223 0.224453 0.316150 0.225669 0.313412 0.248783 0.302464 0.248783 0.340785 0.253650
4 0.406478 0.503041 0.401916 0.537105 0.390967 0.560219 0.342609 0.574818 0.328923 0.601582 0.299726 0.605231 0.296077 0.584550 0.265967 0.571168 0.236770 0.554136 0.216697 0.509124 0.233120 0.500608
