4 0.721788 0.563079 0.516927 0.561921 0.513455 0.866319 0.529080 0.868634 0.725260 0.870949
0 0.490017 0.002894 0.488281 0.034144 0.476128 0.052662 0.476997 0.154514 0.411892 0.132523 0.409288 0.060764 0.417969 0.060764 0.416233 0.004051
0 0.377170 0.001736 0.378906 0.029514 0.370226 0.044560 0.388455 0.122106 0.307726 0.095486 0.304253 0.067708 0.313802 0.066551 0.313802 0.049190 0.305990 0.002894
0 0.273003 0.000579 0.270399 0.032986 0.290365 0.096644 0.253906 0.101273 0.224392 0.119792 0.195747 0.071181 0.219184 0.067708 0.214844 0.049190 0.202832 0.000000
0 0.838976 0.119792 0.836372 0.146412 0.799913 0.182292 0.803385 0.223958 0.836372 0.223958 0.845052 0.244792 0.804253 0.249421 0.754774 0.285301 0.709635 0.274884 0.656684 0.282986 0.653212 0.244792 0.756510 0.171875 0.776476 0.135995
0 0.325087 0.342014 0.335503 0.374421 0.338108 0.421875 0.320747 0.451968 0.347656 0.451968 0.365017 0.462384 0.404080 0.456597 0.416233 0.433449 0.415365 0.395255 0.404080 0.381366 0.394531 0.357060 0.378038 0.339699
0 0.326823 0.392940 0.283420 0.376736 0.266059 0.352431 0.243490 0.346644 0.205295 0.345486 0.228733 0.388310 0.233941 0.428819 0.204427 0.441551 0.220920 0.455440 0.246094 0.453125 0.306858 0.448495 0.325955 0.424190
0 0.457899 0.668403 0.451823 0.735532 0.460503 0.762153 0.458767 0.787616 0.450087 0.809606 0.384115 0.823495 0.391927 0.766782 0.391927 0.736690 0.377170 0.714699 0.382378 0.707755 0.391927 0.667245 0.424913 0.663773
0 0.374566 0.729745 0.367622 0.751736 0.368490 0.771412 0.361545 0.807292 0.297309 0.818866 0.309462 0.771412 0.309462 0.726273 0.297309 0.723958 0.295573 0.707755 0.306858 0.705440 0.315538 0.691551 0.378906 0.670718 0.378906 0.693866 0.368490 0.717014
0 0.288628 0.718171 0.244358 0.767940 0.240885 0.793403 0.231337 0.809606 0.172309 0.823495 0.190538 0.773727 0.194010 0.737847 0.171441 0.729745 0.165365 0.711227 0.192274 0.713542 0.219184 0.679977 0.246962 0.690394 0.296441 0.693866
1 0.808594 0.004051 0.810330 0.061921 0.790365 0.108218 0.746962 0.155671 0.680990 0.171875 0.506510 0.122106 0.486545 0.101273 0.483073 0.059606 0.493490 0.043403 0.496094 0.007523
1 0.701823 0.277199 0.641059 0.293403 0.505642 0.340856 0.494358 0.359375 0.485677 0.399884 0.492622 0.445023 0.513455 0.465856 0.639323 0.508681 0.694878 0.517940 0.740017 0.507523 0.782552 0.473958 0.802517 0.432292 0.806858 0.376736 0.794705 0.335069 0.760851 0.296875
1 0.490885 0.470486 0.507378 0.536458 0.503038 0.617477 0.486545 0.663773 0.460503 0.671875 0.428385 0.660301 0.388455 0.660301 0.340712 0.675347 0.289497 0.688079 0.229601 0.677662 0.185330 0.630208 0.170573 0.579282 0.181858 0.520255 0.223524 0.468171 0.275608 0.454282 0.319878 0.455440 0.362413 0.468171 0.415365 0.469329 0.465712 0.454282
1 0.486545 0.175347 0.494358 0.213542 0.486545 0.260995 0.467448 0.286458 0.299045 0.350116 0.246094 0.343171 0.206163 0.320023 0.180990 0.278356 0.174045 0.230903 0.180990 0.186921 0.206163 0.142940 0.243490 0.112847 0.298177 0.101273 0.463976 0.155671
2 0.645399 0.288773 0.644531 0.245949 0.630642 0.214699 0.561198 0.206597 0.515191 0.219329 0.497830 0.236690 0.495226 0.280671 0.506510 0.316551 0.549913 0.321181
3 0.470052 0.786458 0.495226 0.824653 0.497830 0.916088 0.499566 0.994792 0.292101 0.998264 0.249566 0.984375 0.209635 0.950810 0.189670 0.904514 0.194010 0.858218 0.215712 0.813079 0.236545 0.813079 0.248698 0.791088 0.301649 0.778356 0.293837 0.828125 0.366753 0.814236 0.374566 0.777199 0.388455 0.774884 0.379774 0.824653 0.452691 0.814236
