3 0.472039 0.695175 0.291118 0.686404 0.230811 0.689327 0.184759 0.728801 0.175987 0.779971 0.184759 0.826754 0.214364 0.863304 0.262610 0.889620 0.377741 0.908626 0.389803 0.943713 0.402961 0.975877 0.445724 0.986111 0.481908 0.971491 0.495066 0.889620 0.490680 0.746345
2 0.234101 0.876462 0.250548 0.978801 0.277961 0.986111 0.407346 0.996345 0.373355 0.913012 0.251645 0.894006
2 0.405154 0.562135 0.419408 0.572368 0.408443 0.671784 0.391996 0.676170 0.252741 0.670322 0.235197 0.661550 0.229715 0.589912 0.282346 0.597222 0.322917 0.584064
2 0.412829 0.259503 0.430373 0.281433 0.415022 0.360380 0.293311 0.332602 0.237390 0.335526 0.230811 0.272661
2 0.550987 0.231725 0.525768 0.258041 0.514803 0.355994 0.523575 0.376462 0.661732 0.376462 0.708882 0.366228 0.739583 0.366228 0.745066 0.348684 0.733004 0.240497 0.712171 0.237573
1 0.527961 0.116228 0.516996 0.168860 0.304276 0.237573 0.253838 0.233187 0.194627 0.199561 0.161732 0.141082 0.160636 0.081140 0.186952 0.035819 0.234101 0.000731 0.385417 0.003655 0.518092 0.057749
1 0.497259 0.407164 0.472039 0.375000 0.296601 0.338450 0.240680 0.339912 0.184759 0.370614 0.151864 0.402778 0.136513 0.451023 0.141996 0.515351 0.156250 0.540205 0.205592 0.579678 0.229715 0.586988 0.280154 0.589912 0.350329 0.572368 0.479715 0.529971 0.500548 0.508041
4 0.726425 0.470029 0.515899 0.467105 0.512610 0.762427 0.527961 0.778509 0.728618 0.782895
0 0.819627 0.010965 0.816338 0.054825 0.783443 0.086988 0.783443 0.116228 0.817434 0.123538 0.817434 0.141082 0.797697 0.141082 0.706689 0.228801 0.650768 0.231725 0.699013 0.163012 0.725329 0.129386 0.719846 0.105994 0.734101 0.076754 0.746162 0.046053 0.759320 0.024123
0 0.641996 0.225877 0.686952 0.163012 0.717654 0.139620 0.717654 0.126462 0.691338 0.122076 0.692434 0.092836 0.716557 0.047515 0.719846 0.019737 0.675987 0.027047 0.645285 0.044591 0.636513 0.082602 0.633224 0.103070 0.602522 0.142544 0.570724 0.224415
0 0.556469 0.224415 0.588268 0.146930 0.612390 0.126462 0.608004 0.110380 0.590461 0.108918 0.588268 0.082602 0.609101 0.025585 0.606908 0.008041 0.550987 0.021199 0.529057 0.051901 0.533443 0.095760 0.521382 0.177632 0.493969 0.186404 0.489583 0.221491 0.489583 0.255117 0.511513 0.258041
