4 0.507755 0.112530 0.718522 0.104015 0.719434 0.438564 0.503193 0.439781
0 0.473084 0.061436 0.473996 0.110097 0.463960 0.229319 0.390967 0.232968 0.375456 0.061436 0.392792 0.071168 0.404653 0.125912 0.429288 0.145377 0.457573 0.123479 0.457573 0.072384
0 0.336223 0.049270 0.384580 0.234185 0.368157 0.264599 0.316150 0.260949 0.253193 0.124696 0.244982 0.055353 0.272354 0.069951 0.279653 0.123479 0.301551 0.122263 0.317974 0.099148 0.324361 0.051703
0 0.218522 0.066302 0.245894 0.118613 0.292427 0.230535 0.282391 0.259732 0.232208 0.265815 0.136405 0.146594 0.127281 0.073601 0.153741 0.079684 0.181113 0.125912 0.201186 0.124696
3 0.470347 0.242701 0.483120 0.287713 0.491332 0.359489 0.490420 0.444647 0.484945 0.495742 0.446624 0.509124 0.238595 0.515207 0.195712 0.489659 0.173814 0.454380 0.167427 0.402068 0.185675 0.342457 0.215785 0.302311 0.263230 0.287713 0.372719 0.279197 0.380931 0.248783 0.401916 0.234185
1 0.688412 0.493309 0.640055 0.515207 0.600821 0.522506 0.543339 0.515207 0.514142 0.507908 0.492245 0.518856 0.477646 0.540754 0.467609 0.607664 0.467609 0.668491 0.481296 0.723236 0.497719 0.739051 0.520529 0.742701 0.552464 0.732968 0.609945 0.732968 0.683850 0.757299 0.759580 0.758516 0.799726 0.746350 0.844434 0.701338 0.859033 0.664842 0.860858 0.597932 0.838960 0.540754 0.786953 0.506691 0.731296 0.492092
1 0.454836 0.759732 0.441150 0.745134 0.418339 0.717153 0.215785 0.673358 0.165602 0.689173 0.121807 0.723236 0.092609 0.759732 0.079836 0.807178 0.081661 0.843674 0.110858 0.899635 0.155566 0.936131 0.218522 0.958029 0.273266 0.950730 0.404653 0.909367 0.417427 0.914234 0.446624 0.897202 0.462135 0.870438 0.473084 0.836375 0.471259 0.803528 0.464872 0.765815
0 0.787865 0.754866 0.871807 0.825426 0.869069 0.902068 0.851734 0.930049 0.807938 0.928832 0.776916 0.908151 0.668339 0.777981 0.665602 0.754866 0.685675 0.762165 0.765967 0.769465
0 0.455748 0.539538 0.437500 0.535888 0.432938 0.601582 0.413777 0.577251 0.399179 0.535888 0.376369 0.537105 0.355383 0.567518 0.383668 0.655109 0.422901 0.662409 0.442974 0.644161 0.452099 0.606448
0 0.351734 0.537105 0.286953 0.535888 0.236770 0.572384 0.250456 0.638078 0.267792 0.661192 0.304288 0.664842 0.356296 0.618613 0.351734 0.572384
0 0.272354 0.537105 0.261405 0.524939 0.131843 0.561436 0.134580 0.617397 0.143704 0.649027 0.164690 0.664842 0.196624 0.666058 0.241332 0.636861 0.229471 0.567518
2 0.653741 0.752433 0.653741 0.792579 0.634580 0.805961 0.579836 0.815693 0.519617 0.807178 0.497719 0.785280 0.490420 0.740268 0.521442 0.750000 0.552464 0.739051 0.609033 0.736618
