3 0.501645 0.437865 0.507127 0.534357 0.497259 0.601608 0.480811 0.629386 0.453399 0.632310 0.423794 0.627924 0.408443 0.613304 0.276864 0.616228 0.238487 0.608918 0.206689 0.588450 0.179276 0.557749 0.166118 0.510965 0.179276 0.455409 0.211075 0.430556 0.253838 0.404240 0.313048 0.398392 0.412829 0.401316 0.433662 0.391082 0.470943 0.389620
1 0.516996 0.053363 0.519189 0.101608 0.512610 0.158626 0.326206 0.228801 0.275768 0.233187 0.219846 0.215643 0.177083 0.161550 0.163925 0.113304 0.166118 0.066520 0.217093 0.000000 0.394189 0.002193
1 0.532346 0.604532 0.590461 0.611842 0.695724 0.582602 0.763706 0.594298 0.814145 0.639620 0.837171 0.696637 0.828399 0.755117 0.802083 0.800439 0.742873 0.829678 0.686952 0.831140 0.617873 0.812135 0.569627 0.809211 0.529057 0.817982 0.501645 0.810673 0.485197 0.785819 0.474232 0.715643 0.477522 0.657164 0.500548 0.610380
1 0.488487 0.848684 0.500548 0.892544 0.491776 0.949561 0.362182 0.998333 0.204496 0.997807 0.163925 0.964181 0.143092 0.913012 0.146382 0.845760 0.191338 0.796053 0.248355 0.768275 0.299890 0.765351 0.389803 0.809211
2 0.587171 0.225877 0.547697 0.239035 0.521382 0.297515 0.524671 0.345760 0.545504 0.375000 0.610197 0.388158 0.694627 0.363304 0.724232 0.344298 0.736294 0.301901 0.729715 0.253655 0.700110 0.237573
2 0.436952 0.323830 0.423794 0.372076 0.399671 0.392544 0.330592 0.391082 0.287829 0.366228 0.271382 0.335526 0.276864 0.291667 0.302083 0.271199 0.408443 0.269737 0.427083 0.285819
2 0.432566 0.639620 0.440241 0.671784 0.424890 0.715643 0.398575 0.722953 0.293311 0.714181 0.276864 0.698099 0.271382 0.648392 0.292215 0.622076 0.345943 0.616228 0.402961 0.617690
0 0.497259 0.231725 0.570724 0.048977 0.603618 0.029971 0.627741 0.034357 0.641996 0.062135 0.648575 0.125000 0.598136 0.220029 0.535636 0.234649 0.514803 0.278509 0.492873 0.279971
0 0.633224 0.199561 0.746162 0.072368 0.779057 0.038743 0.815241 0.037281 0.834978 0.063596 0.837171 0.144006 0.725329 0.244883 0.701206 0.227339 0.614583 0.225877
0 0.675987 0.458333 0.813048 0.449561 0.814145 0.503655 0.793311 0.543129 0.750548 0.548977 0.655154 0.532895 0.667215 0.490497
0 0.670504 0.452485 0.511513 0.453947 0.512610 0.505117 0.535636 0.527047 0.606908 0.550439 0.641996 0.547515 0.654057 0.529971
0 0.753838 0.831140 0.822917 0.911550 0.814145 0.981725 0.781250 0.997807 0.739583 0.983187 0.635417 0.828216 0.686952 0.838450
0 0.593750 0.812135 0.628838 0.901316 0.620066 0.968567 0.602522 0.986111 0.568531 0.987573 0.544408 0.961257 0.503838 0.820906 0.531250 0.826754 0.568531 0.813596
