4 0.430373 0.105994 0.406250 0.079678 0.367873 0.073830 0.365680 0.060673 0.340461 0.060673 0.334978 0.065058 0.285636 0.081140 0.256031 0.101608 0.249452 0.136696 0.265899 0.167398 0.387610 0.158626 0.404057 0.133772
4 0.625548 0.253655 0.631031 0.277047 0.667215 0.287281 0.701206 0.315058 0.627741 0.328216 0.543311 0.367690 0.508224 0.363304 0.511513 0.309211 0.572917 0.275585 0.588268 0.274123 0.599232 0.253655
4 0.690241 0.573830 0.716557 0.608918 0.715461 0.635234 0.657346 0.641082 0.563048 0.632310 0.511513 0.623538 0.511513 0.573830 0.529057 0.544591 0.575110 0.538743 0.650768 0.567982
4 0.690241 0.847222 0.711075 0.880848 0.713268 0.921784 0.705592 0.948099 0.644189 0.953947 0.579496 0.945175 0.534539 0.926170 0.508224 0.885234 0.513706 0.807749 0.530154 0.778509 0.543311 0.828216 0.559759 0.845760
2 0.678180 0.671784 0.748355 0.705409 0.761513 0.705409 0.765899 0.720029 0.758224 0.820906 0.748355 0.839912 0.553180 0.841374 0.545504 0.825292 0.524671 0.731725 0.524671 0.682018
2 0.430373 0.398392 0.443531 0.493421 0.430373 0.513889 0.241776 0.500731 0.257127 0.383772
2 0.432566 0.739035 0.422697 0.796053 0.328399 0.796053 0.261513 0.781433 0.251645 0.740497 0.290022 0.743421 0.332785 0.733187 0.384320 0.724415
1 0.493969 0.000731 0.481908 0.043129 0.486294 0.107456 0.624452 0.165936 0.722039 0.211257 0.814145 0.170322 0.866776 0.105994 0.876645 0.038743 0.848136 0.000731
1 0.688048 0.322368 0.469846 0.395468 0.456689 0.448099 0.472039 0.502193 0.652961 0.563596 0.707785 0.566520 0.771382 0.550439 0.826206 0.506579 0.845943 0.458333 0.842654 0.418860 0.809759 0.364766 0.749452 0.320906
1 0.466557 0.522661 0.432566 0.528509 0.388706 0.532895 0.334978 0.522661 0.256031 0.509503 0.201206 0.531433 0.167215 0.570906 0.160636 0.623538 0.169408 0.677632 0.195724 0.712719 0.238487 0.736111 0.291118 0.744883 0.332785 0.727339 0.377741 0.721491 0.419408 0.728801 0.455592 0.736111 0.487390 0.720029 0.498355 0.652778 0.492873 0.579678 0.477522 0.540205
1 0.456689 0.994883 0.510417 0.981725 0.518092 0.930556 0.500548 0.879386 0.337171 0.822368 0.280154 0.817982 0.229715 0.828216 0.191338 0.858918 0.171601 0.924708 0.179276 0.961257 0.203399 0.996345
3 0.485197 0.382310 0.499452 0.355994 0.511513 0.269737 0.507127 0.154240 0.488487 0.113304 0.434759 0.113304 0.405154 0.132310 0.395285 0.163012 0.274671 0.171784 0.229715 0.189327 0.195724 0.231725 0.179276 0.269737 0.180373 0.307749 0.202303 0.345760 0.234101 0.376462 0.263706 0.380848 0.431469 0.379386
