4 0.475000 0.086806 0.407292 0.078472 0.323958 0.084028 0.213542 0.113194 0.220833 0.146528 0.242708 0.171528 0.259375 0.204861 0.287500 0.227083 0.396875 0.222917 0.415625 0.185417 0.472917 0.182639 0.478125 0.170139 0.469792 0.122917
4 0.593750 0.335417 0.598958 0.322917 0.628125 0.314583 0.631250 0.340972 0.662500 0.346528 0.695833 0.374306 0.700000 0.400694 0.644792 0.406250 0.502083 0.422917 0.512500 0.390972 0.544792 0.360417
4 0.552083 0.597917 0.511458 0.610417 0.492708 0.682639 0.515625 0.699306 0.552083 0.703472 0.657292 0.710417 0.688542 0.709028 0.687500 0.675694 0.659375 0.647917
4 0.676042 0.928472 0.690625 0.959028 0.693750 0.990972 0.681250 0.996528 0.557292 0.995139 0.525000 0.981250 0.505208 0.963194 0.504167 0.935417 0.519792 0.895139 0.564583 0.925694 0.625000 0.935417
1 0.667708 0.002083 0.489583 0.056250 0.470833 0.110417 0.478125 0.161806 0.654167 0.254861 0.745833 0.274306 0.809375 0.240972 0.853125 0.204861 0.877083 0.163194 0.877083 0.110417 0.857292 0.075694 0.810417 0.024306 0.755729 -0.000000
1 0.726042 0.404861 0.651042 0.411806 0.609375 0.425694 0.482292 0.460417 0.467708 0.478472 0.477083 0.514583 0.466667 0.540972 0.470833 0.559028 0.670833 0.647917 0.726042 0.649306 0.776042 0.636806 0.818750 0.604861 0.839583 0.577083 0.848958 0.529861 0.838542 0.495139 0.807292 0.454861 0.765625 0.420139
1 0.430208 0.740972 0.440625 0.739583 0.475000 0.707639 0.481250 0.664583 0.473958 0.627083 0.459375 0.614583 0.441667 0.588194 0.417708 0.584028 0.316667 0.567361 0.271875 0.567361 0.228125 0.585417 0.193750 0.624306 0.175000 0.670139 0.183333 0.707639 0.222917 0.752083 0.269792 0.778472 0.309375 0.778472
1 0.486458 0.993750 0.479167 0.957639 0.464583 0.940972 0.452083 0.925694 0.430208 0.938194 0.387500 0.940972 0.386458 0.902083 0.328125 0.885417 0.284375 0.885417 0.275000 0.920139 0.260417 0.935417 0.204167 0.943750 0.189583 0.975694 0.189583 0.996528
3 0.480208 0.190972 0.495833 0.210417 0.508333 0.277083 0.506250 0.367361 0.494792 0.431250 0.472917 0.450694 0.279167 0.452083 0.232292 0.434028 0.202083 0.381250 0.200000 0.328472 0.220833 0.270139 0.266667 0.234028 0.397917 0.229861 0.411458 0.206250 0.427083 0.192361
2 0.572917 0.742361 0.535417 0.756250 0.511458 0.764583 0.509375 0.803472 0.515625 0.870139 0.527083 0.893750 0.566667 0.924306 0.622917 0.934028 0.677083 0.921528 0.707292 0.904861 0.715625 0.875694 0.708333 0.850694 0.619792 0.754861
0 0.395833 0.450694 0.438542 0.454861 0.457292 0.467361 0.475000 0.502083 0.473958 0.525694 0.456250 0.557639 0.436458 0.561806 0.400000 0.567361 0.402083 0.484028 0.396875 0.474306
0 0.362500 0.459028 0.372917 0.477083 0.376042 0.529861 0.363542 0.540972 0.337500 0.553472 0.303125 0.564583 0.308333 0.529861 0.304167 0.481250 0.279167 0.450694
0 0.268750 0.463194 0.285417 0.490972 0.281250 0.546528 0.257292 0.550694 0.239583 0.563194 0.195833 0.575694 0.201042 0.554861 0.215625 0.539583 0.214583 0.496528 0.192708 0.488194 0.186458 0.459028 0.239583 0.459028 0.252083 0.467361
0 0.455208 0.735417 0.446875 0.840972 0.462500 0.875694 0.459375 0.909028 0.438542 0.931250 0.390625 0.942361 0.390625 0.877083 0.387500 0.843750 0.380208 0.843750 0.383333 0.829861 0.389583 0.763194 0.428125 0.750694 0.447917 0.750694
0 0.327083 0.781250 0.278125 0.875694 0.278125 0.896528 0.276042 0.917361 0.259375 0.932639 0.222917 0.939583 0.212500 0.939583 0.215625 0.914583 0.231250 0.872917 0.231250 0.849306 0.210417 0.846528 0.207292 0.838194 0.218750 0.828472 0.248958 0.774306 0.267708 0.785417
