1 0.632378 0.032986 0.597656 0.031829 0.566406 0.022569 0.542101 0.022569 0.520399 0.041088 0.504774 0.089699 0.496962 0.155671 0.506510 0.222801 0.525608 0.243634 0.555122 0.247106 0.598524 0.236690 0.649740 0.251736 0.713976 0.278356 0.764323 0.276042 0.824219 0.256366 0.872830 0.200810 0.881510 0.137153 0.875434 0.094329 0.839844 0.046875 0.789497 0.017940 0.731337 0.013310 0.675781 0.029514
2 0.662760 0.391782 0.671441 0.361690 0.670573 0.336227 0.654080 0.315394 0.612413 0.303819 0.565538 0.302662 0.527344 0.314236 0.507378 0.337384 0.509983 0.380208 0.527344 0.410301 0.579427 0.413773 0.644531 0.406829
2 0.634983 0.625579 0.651476 0.637153 0.663628 0.659144 0.663628 0.683449 0.651476 0.708912 0.610677 0.722801 0.549045 0.720486 0.516059 0.713542 0.505642 0.700810 0.499566 0.666088 0.507378 0.644097 0.525608 0.638310 0.574219 0.627894
1 0.683594 0.392940 0.635851 0.416088 0.590712 0.421875 0.558594 0.417245 0.526476 0.410301 0.496094 0.429977 0.483073 0.479745 0.482205 0.527199 0.489149 0.580440 0.502170 0.622106 0.532552 0.634838 0.576823 0.620949 0.634983 0.624421 0.671441 0.632523 0.715712 0.640625 0.761719 0.640625 0.809462 0.610532 0.850260 0.561921 0.857205 0.497106 0.836372 0.441551 0.786892 0.403356 0.736545 0.389468
1 0.700955 0.756366 0.637587 0.777199 0.579427 0.789931 0.527344 0.786458 0.501302 0.796875 0.485677 0.829282 0.481337 0.867477 0.485677 0.913773 0.498698 0.960069 0.520399 0.982060 0.541233 0.983218 0.573351 0.977431 0.621962 0.972801 0.674913 0.982060 0.735677 0.991319 0.773872 0.979745 0.814670 0.942708 0.831163 0.902199 0.825955 0.839699 0.799045 0.791088 0.757378 0.764468
3 0.462240 0.186921 0.418837 0.185764 0.398872 0.200810 0.389323 0.229745 0.305990 0.232060 0.255642 0.240162 0.220920 0.267940 0.198351 0.303819 0.189670 0.352431 0.201823 0.402199 0.234809 0.441551 0.280816 0.453125 0.429253 0.451968 0.472656 0.446181 0.492622 0.429977 0.496094 0.383681 0.501302 0.325810 0.497830 0.229745 0.490017 0.203125
3 0.481337 0.594329 0.271267 0.583912 0.232205 0.598958 0.208767 0.629051 0.193142 0.670718 0.194010 0.714699 0.214844 0.756366 0.248698 0.784144 0.279948 0.796875 0.384983 0.803819 0.389323 0.816551 0.390191 0.838542 0.412760 0.861690 0.473524 0.853588 0.480469 0.835069 0.490017 0.806134 0.492622 0.748264 0.492622 0.654514 0.488281 0.617477
4 0.415365 0.179977 0.408420 0.163773 0.387587 0.162616 0.384983 0.142940 0.356337 0.142940 0.348524 0.160301 0.318142 0.167245 0.297309 0.190394 0.272135 0.213542 0.272135 0.230903 0.305122 0.229745 0.387587 0.225116 0.397135 0.195023
4 0.447483 0.453125 0.462240 0.475116 0.468316 0.514468 0.465712 0.551505 0.453559 0.579282 0.443142 0.589699 0.351997 0.585069 0.332031 0.558449 0.325087 0.531829 0.327691 0.500579 0.336372 0.464699 0.349392 0.454282 0.430122 0.457755
4 0.405816 0.867477 0.349392 0.876736 0.282552 0.872106 0.246094 0.850116 0.246094 0.825810 0.267795 0.799190 0.277344 0.799190 0.385851 0.802662 0.386719 0.817708 0.387587 0.842014
