3 0.412865 0.003041 0.396442 0.026156 0.386405 0.062652 0.371807 0.067518 0.251369 0.085766 0.213960 0.125912 0.196624 0.175791 0.193887 0.211071 0.201186 0.253650 0.227646 0.282847 0.259580 0.298662 0.416515 0.286496 0.487682 0.270681 0.497719 0.240268 0.499544 0.186740 0.504106 0.124696 0.498631 0.045620 0.490420 0.007908 0.478558 0.004258
3 0.381843 0.371655 0.423814 0.358273 0.455748 0.358273 0.482208 0.370438 0.486770 0.387470 0.495894 0.430049 0.499544 0.481144 0.495894 0.552920 0.488595 0.595499 0.471259 0.604015 0.426551 0.614964 0.391880 0.599148 0.274179 0.600365 0.236770 0.583333 0.213047 0.560219 0.192974 0.520073 0.192974 0.476277 0.200274 0.444647 0.221259 0.417883 0.246807 0.392336 0.310675 0.377737
3 0.473084 0.731752 0.491332 0.748783 0.500456 0.780414 0.505018 0.819343 0.520529 0.853406 0.523266 0.972628 0.512318 0.993309 0.432938 0.993309 0.421989 0.930049 0.304288 0.939781 0.272354 0.931265 0.233120 0.913017 0.203011 0.883820 0.191150 0.847324 0.191150 0.810827 0.207573 0.777981 0.237682 0.754866 0.282391 0.732968
4 0.421077 0.303528 0.438412 0.320560 0.427464 0.352190 0.380018 0.368005 0.306113 0.374088 0.274179 0.375304 0.259580 0.343674 0.256843 0.319343 0.286040 0.310827
4 0.441150 0.624696 0.414690 0.664842 0.373631 0.681873 0.369982 0.691606 0.342609 0.698905 0.332573 0.681873 0.289690 0.672141 0.267792 0.644161 0.258668 0.606448 0.327099 0.614964 0.404653 0.611314 0.428376 0.624696
2 0.687500 0.197689 0.692062 0.175791 0.686588 0.159976 0.655566 0.142944 0.615420 0.136861 0.570712 0.142944 0.542427 0.166058 0.526916 0.190389 0.522354 0.225669 0.524179 0.250000 0.546077 0.240268 0.554288 0.239051
2 0.674726 0.477494 0.626369 0.450730 0.555201 0.458029 0.526004 0.486010 0.520529 0.503041 0.534215 0.533455 0.583485 0.556569 0.628193 0.556569 0.666515 0.533455 0.685675 0.516423 0.681113 0.488443
1 0.769617 0.428832 0.813412 0.394769 0.850821 0.346107 0.858120 0.305961 0.847172 0.253650 0.780566 0.208637 0.714872 0.190389 0.687500 0.198905 0.551551 0.247567 0.545164 0.245134 0.515967 0.268248 0.498631 0.307178 0.498631 0.346107 0.503193 0.368005 0.523266 0.387470 0.541515 0.410584 0.619069 0.425182 0.712135 0.442214 0.738595 0.438564
1 0.798814 0.578467 0.741332 0.554136 0.694799 0.554136 0.654653 0.565085 0.556113 0.604015 0.526004 0.618613 0.500456 0.642944 0.488595 0.694039 0.490420 0.730535 0.505018 0.748783 0.515967 0.757299 0.531478 0.779197 0.557026 0.779197 0.716697 0.799878 0.762318 0.788929 0.808850 0.753650 0.837135 0.718370 0.852646 0.681873 0.851734 0.640511 0.827099 0.600365
2 0.512318 0.769465 0.511405 0.805961 0.526916 0.838808 0.672901 0.838808 0.682938 0.837591 0.679288 0.799878 0.556113 0.784063 0.528741 0.785280
