3 0.508360 0.001062 0.504379 0.023355 0.500398 0.092357 0.482882 0.119958 0.471736 0.146497 0.323646 0.160297 0.279061 0.163482 0.242436 0.151805 0.216162 0.135881 0.196258 0.113588 0.181927 0.085987 0.181131 0.054140 0.188296 0.027601 0.204220 0.002123
1 0.646895 0.082803 0.611863 0.094480 0.574443 0.098726 0.537022 0.092357 0.514729 0.088110 0.499602 0.098726 0.480494 0.128450 0.471736 0.169851 0.473328 0.219745 0.478105 0.255839 0.490844 0.290870 0.507564 0.301486 0.526672 0.302548 0.561704 0.294055 0.588774 0.291932 0.626194 0.299363 0.676354 0.315287 0.712182 0.318471 0.749602 0.308917 0.783041 0.287686 0.807723 0.264331 0.827627 0.232484 0.834793 0.191083 0.830812 0.147558 0.802946 0.104034 0.747213 0.073248 0.691481 0.070064
1 0.720939 0.427813 0.678742 0.432059 0.623806 0.453291 0.589570 0.463907 0.548965 0.466030 0.520303 0.463907 0.498010 0.459660 0.481290 0.466030 0.468551 0.485138 0.456608 0.520170 0.455812 0.584926 0.467755 0.645435 0.479697 0.671975 0.498806 0.686837 0.516322 0.691083 0.552946 0.671975 0.602309 0.666667 0.656449 0.676221 0.704220 0.681529 0.751990 0.676221 0.798965 0.653928 0.845143 0.609342 0.862659 0.565817 0.859475 0.524416 0.835589 0.477707 0.799761 0.450106 0.754379 0.434183
1 0.485271 0.436306 0.497213 0.387473 0.486863 0.335456 0.301354 0.268577 0.267914 0.267516 0.234475 0.272824 0.197054 0.289809 0.166799 0.317410 0.146099 0.351380 0.136545 0.378981 0.138933 0.419321 0.156449 0.453291 0.184315 0.484076 0.233678 0.509554 0.272691 0.514862 0.340366 0.497877
1 0.426354 0.647558 0.441481 0.662420 0.451831 0.686837 0.455812 0.731423 0.443869 0.764331 0.434315 0.772824 0.284634 0.825902 0.250398 0.826964 0.213774 0.816348 0.189889 0.800425 0.169984 0.779193 0.161226 0.750531 0.156449 0.711253 0.162818 0.668790 0.185111 0.628450 0.216959 0.604034 0.260748 0.597665
4 0.496417 0.688960 0.503583 0.947983 0.705812 0.954352 0.700239 0.683652 0.654857 0.680467 0.603105 0.667728 0.552946 0.675159 0.517118 0.692144
2 0.372213 0.486200 0.394506 0.492569 0.404061 0.518047 0.405653 0.549894 0.395303 0.575372 0.385748 0.592357 0.336385 0.604034 0.285430 0.596603 0.264729 0.581741 0.259952 0.543524 0.263933 0.516985 0.274283 0.516985 0.340366 0.501062
2 0.571258 0.325902 0.556131 0.339703 0.533838 0.372611 0.534634 0.408705 0.551354 0.437367 0.646895 0.443737 0.689889 0.425690 0.701831 0.390658 0.695462 0.353503 0.677150 0.325902 0.620621 0.321656
2 0.713774 0.061571 0.705812 0.043524 0.687500 0.028662 0.634952 0.018047 0.600717 0.021231 0.573646 0.027601 0.559315 0.052017 0.557723 0.094480 0.568869 0.095541 0.611067 0.092357 0.647691 0.080679 0.691481 0.066879
2 0.395303 0.296178 0.396895 0.278132 0.400876 0.257962 0.398487 0.228238 0.385748 0.204883 0.360271 0.194268 0.278264 0.200637 0.265525 0.215499 0.255175 0.239915 0.255175 0.265393 0.270303 0.263270 0.303742 0.264331
