1 0.458485 0.020073 0.453011 0.066302 0.463047 0.121046 0.703923 0.191606 0.762318 0.174574 0.810675 0.133212 0.838047 0.096715 0.859033 0.046837 0.859033 0.003041 0.492245 0.005474
1 0.711223 0.342457 0.535128 0.405718 0.512318 0.420316 0.493157 0.458029 0.487682 0.494526 0.494069 0.533455 0.501369 0.549270 0.517792 0.552920 0.530566 0.577251 0.567974 0.582117 0.727646 0.594282 0.786040 0.563869 0.818887 0.538321 0.853558 0.489659 0.855383 0.440998 0.835310 0.392336 0.765967 0.346107
1 0.708485 0.729319 0.620894 0.745134 0.512318 0.792579 0.470347 0.819343 0.466697 0.881387 0.484033 0.947080 0.537865 0.962895 0.695712 0.994526 0.753193 0.986010 0.810675 0.954380 0.846259 0.914234 0.852646 0.866788 0.847172 0.825426 0.807026 0.773114 0.746807 0.737835
1 0.454836 0.737835 0.468522 0.717153 0.456661 0.611314 0.428376 0.596715 0.293339 0.559002 0.237682 0.571168 0.192062 0.601582 0.162865 0.635645 0.153741 0.694039 0.163777 0.750000 0.205748 0.786496 0.257755 0.808394 0.309763 0.808394
2 0.573449 0.245134 0.526916 0.256083 0.503193 0.284063 0.506843 0.332725 0.523266 0.358273 0.578011 0.369221 0.626369 0.361922 0.654653 0.336375 0.655566 0.298662 0.646442 0.269465 0.623631 0.257299
2 0.613595 0.589416 0.536040 0.591849 0.513230 0.583333 0.494982 0.604015 0.494069 0.645377 0.508668 0.680657 0.545164 0.696472 0.596259 0.696472 0.637318 0.681873 0.650091 0.655109 0.642792 0.611314
4 0.421077 0.538321 0.243157 0.554136 0.243157 0.533455 0.254106 0.500608 0.284215 0.471411 0.312500 0.465328 0.317974 0.445864 0.347172 0.440998 0.348084 0.458029 0.378193 0.461679 0.407391 0.477494 0.417427 0.504258
4 0.421077 0.757299 0.318887 0.805961 0.272354 0.810827 0.294252 0.820560 0.319799 0.829075 0.325274 0.831509 0.348084 0.830292 0.348084 0.821776 0.375456 0.820560 0.396442 0.802311 0.416515 0.780414
4 0.461223 0.105231 0.460310 0.152676 0.436588 0.150243 0.408303 0.162409 0.394617 0.185523 0.394617 0.209854 0.243157 0.229319 0.205748 0.174574 0.206661 0.117397
3 0.471259 0.162409 0.489507 0.191606 0.491332 0.252433 0.492245 0.318127 0.488595 0.350973 0.480383 0.364355 0.478558 0.399635 0.441150 0.419100 0.265055 0.437348 0.206661 0.413017 0.171989 0.376521 0.167427 0.321776 0.189325 0.279197 0.228558 0.241484 0.286040 0.226886 0.398266 0.222019 0.398266 0.198905 0.408303 0.174574 0.434763 0.155109
