3 0.499566 0.004051 0.489149 0.196181 0.478733 0.225116 0.457899 0.232060 0.255642 0.240162 0.219184 0.214699 0.198351 0.175347 0.193142 0.129051 0.213976 0.079282 0.241753 0.044560 0.285156 0.023727 0.381510 0.016782 0.394531 0.000579
3 0.428385 0.366319 0.444010 0.353588 0.474392 0.346644 0.502170 0.359375 0.520399 0.385995 0.527344 0.469329 0.520399 0.544560 0.509983 0.574653 0.485677 0.586227 0.453559 0.583912 0.436198 0.579282 0.286024 0.581597 0.245226 0.565394 0.212240 0.539931 0.192274 0.500579 0.190538 0.456597 0.209635 0.420718 0.246094 0.390625 0.290365 0.372106
1 0.701823 0.115162 0.497830 0.188079 0.482205 0.237847 0.492622 0.292245 0.684462 0.377894 0.733941 0.383681 0.782552 0.373264 0.839844 0.332755 0.866753 0.298032 0.885851 0.257523 0.879774 0.217014 0.845920 0.164931 0.797309 0.130208 0.743490 0.116319
1 0.729601 0.554977 0.641927 0.563079 0.476997 0.637153 0.470052 0.686921 0.480469 0.735532 0.676649 0.799190 0.731337 0.798032 0.793837 0.763310 0.836372 0.718171 0.844184 0.674190 0.827691 0.619792 0.767795 0.573495
2 0.666233 0.119792 0.641059 0.094329 0.555122 0.089699 0.514323 0.102431 0.503906 0.139468 0.512587 0.174190
2 0.601997 0.419560 0.654948 0.426505 0.669705 0.460069 0.667101 0.499421 0.630642 0.522569 0.572483 0.529514 0.526476 0.519097 0.531684 0.467014 0.528212 0.432292 0.558594 0.420718
2 0.480469 0.747106 0.487413 0.803819 0.503906 0.825810 0.531684 0.839699 0.584635 0.844329 0.627170 0.832755 0.644531 0.820023 0.641927 0.788773 0.498698 0.743634
4 0.434462 0.837384 0.434462 0.868634 0.413628 0.910301 0.377170 0.933449 0.319878 0.935764 0.273872 0.916088 0.256510 0.884838 0.250434 0.858218 0.249566 0.845486 0.264323 0.822338 0.299045 0.843171 0.336372 0.837384 0.370226 0.811921 0.389323 0.811921 0.391059 0.845486 0.411024 0.836227
4 0.473524 0.713542 0.472656 0.730903 0.459635 0.732060 0.458767 0.762153 0.453559 0.789931 0.443142 0.806134 0.429253 0.829282 0.407552 0.833912 0.393663 0.837384 0.397135 0.713542 0.391059 0.624421 0.393663 0.604745 0.404948 0.590856 0.421441 0.589699 0.441406 0.604745 0.453559 0.626736 0.458767 0.671875 0.459635 0.690394 0.469184 0.691551
4 0.384115 0.682292 0.391059 0.682292 0.394531 0.729745 0.384983 0.729745 0.384115 0.754051 0.379774 0.792245 0.365017 0.813079 0.342448 0.831597 0.315538 0.838542 0.309462 0.817708 0.308594 0.682292 0.310330 0.629051 0.316406 0.602431 0.329427 0.579282 0.366753 0.600116 0.377170 0.623264 0.382378 0.642940
4 0.303385 0.824653 0.298177 0.837384 0.272135 0.818866 0.253038 0.804977 0.245226 0.767940 0.240017 0.719329 0.226997 0.719329 0.226128 0.685764 0.240017 0.684606 0.244358 0.646412 0.259983 0.619792 0.292969 0.595486 0.317274 0.587384 0.309462 0.619792 0.307726 0.639468 0.305122 0.684606
4 0.474392 0.249421 0.479601 0.309606 0.474392 0.335069 0.448351 0.350116 0.419705 0.359375 0.259983 0.365162 0.212240 0.315394 0.213976 0.256366
