1 0.834635 0.102431 0.811198 0.168403 0.768663 0.206597 0.702691 0.215856 0.604601 0.190394 0.524740 0.155671 0.501302 0.135995 0.500434 0.079282 0.516927 0.034144 0.600260 0.002894 0.809462 0.005208 0.826823 0.039931 0.834635 0.078125
1 0.684462 0.351273 0.534288 0.403356 0.509983 0.417245 0.500434 0.460069 0.502170 0.502894 0.520399 0.535301 0.629774 0.567708 0.696615 0.581597 0.753906 0.572338 0.791233 0.550347 0.814670 0.491319 0.817274 0.432292 0.786892 0.380208 0.741753 0.348958
1 0.647135 0.699653 0.533420 0.747106 0.488281 0.773727 0.481337 0.828125 0.496094 0.876736 0.550781 0.895255 0.681858 0.926505 0.737413 0.913773 0.784288 0.874421 0.797309 0.842014 0.797309 0.794560 0.779080 0.730903 0.730469 0.692708
4 0.476128 0.057292 0.399740 0.038773 0.321615 0.038773 0.225260 0.054977 0.202691 0.061921 0.205295 0.088542 0.231337 0.114005 0.254774 0.168403 0.273003 0.175347 0.396267 0.175347 0.404948 0.123264 0.437066 0.103588 0.457899 0.103588 0.466580 0.076968
4 0.426649 0.418403 0.237413 0.426505 0.238281 0.448495 0.255642 0.469329 0.285156 0.501736 0.309462 0.501736 0.312934 0.505208 0.357205 0.502894 0.357205 0.497106 0.396267 0.495949
4 0.386719 0.771412 0.362413 0.782986 0.344184 0.782986 0.339844 0.801505 0.312934 0.795718 0.307726 0.785301 0.277344 0.772569 0.255642 0.748264 0.240017 0.737847 0.234809 0.713542 0.259115 0.723958 0.318142 0.742477 0.346788 0.744792 0.368490 0.764468
2 0.577691 0.270255 0.542101 0.284144 0.525608 0.314236 0.525608 0.355903 0.535156 0.381366 0.575955 0.385995 0.674045 0.348958 0.677517 0.324653 0.671441 0.287616 0.645399 0.273727
2 0.562066 0.551505 0.532552 0.561921 0.519531 0.573495 0.514323 0.610532 0.522135 0.641782 0.544705 0.661458 0.620226 0.662616 0.649740 0.656829 0.667101 0.629051 0.667101 0.603588 0.654948 0.576968 0.630642 0.572338
2 0.667101 0.932292 0.656684 0.954282 0.634115 0.963542 0.582031 0.967014 0.542969 0.961227 0.523872 0.939236 0.518663 0.914931 0.521267 0.885995 0.548177 0.899884
3 0.472656 0.830440 0.258247 0.829282 0.207031 0.855903 0.190538 0.891782 0.188802 0.920718 0.197483 0.951968 0.214844 0.979745 0.235755 0.998333 0.503038 0.997106 0.498698 0.889468 0.490885 0.875579
3 0.471788 0.506366 0.494358 0.546875 0.498698 0.616319 0.499566 0.695023 0.491753 0.749421 0.462240 0.772569 0.397135 0.772569 0.374566 0.759838 0.346788 0.742477 0.283420 0.727431 0.241753 0.713542 0.220920 0.696181 0.200087 0.671875 0.188802 0.623264 0.192274 0.581597 0.224392 0.543403 0.272135 0.521412 0.314670 0.510995 0.450087 0.499421
3 0.469184 0.112847 0.486545 0.138310 0.495226 0.183449 0.492622 0.278356 0.482205 0.320023 0.474392 0.355903 0.463108 0.370949 0.424045 0.380208 0.262587 0.384838 0.216580 0.370949 0.187934 0.343171 0.166233 0.303819 0.171441 0.252894 0.205295 0.208912 0.233941 0.186921 0.273872 0.176505 0.397135 0.185764 0.400608 0.156829 0.408420 0.126736 0.431858 0.110532
