3 0.504167 0.177083 0.502083 0.038194 0.498958 0.006250 0.356250 0.002083 0.342708 0.018750 0.305208 0.032639 0.258333 0.049306 0.216667 0.075694 0.181250 0.124306 0.175000 0.157639 0.175000 0.196528 0.206250 0.235417 0.255208 0.253472 0.350000 0.263194 0.422917 0.265972 0.466667 0.263194 0.475000 0.218750
0 0.589583 0.190972 0.606250 0.150694 0.626042 0.128472 0.622917 0.120139 0.598958 0.113194 0.600000 0.086806 0.622917 0.038194 0.620833 0.011806 0.578125 0.021528 0.555208 0.035417 0.543750 0.061806 0.545833 0.097917 0.512500 0.154861 0.525000 0.189583 0.558333 0.189583
0 0.623958 0.103472 0.633333 0.093750 0.634375 0.064583 0.655208 0.036806 0.682292 0.028472 0.712500 0.020139 0.712500 0.038194 0.686458 0.092361 0.686458 0.113194 0.709375 0.115972 0.712500 0.139583 0.695833 0.140972 0.676042 0.163194 0.646875 0.170139 0.613542 0.179861 0.633333 0.135417
0 0.711458 0.092361 0.732292 0.068750 0.740625 0.042361 0.757292 0.021528 0.817708 0.007639 0.815625 0.031250 0.779167 0.079861 0.779167 0.100694 0.821875 0.117361 0.817708 0.136806 0.795833 0.138194 0.767708 0.154861 0.725000 0.152083
0 0.695833 0.438194 0.732292 0.440972 0.752083 0.427083 0.796875 0.418750 0.795833 0.443750 0.770833 0.457639 0.769792 0.495139 0.787500 0.503472 0.809375 0.536806 0.772917 0.538194 0.736458 0.529861 0.727083 0.521528 0.697917 0.525694
0 0.695833 0.425694 0.691667 0.443750 0.662500 0.453472 0.668750 0.504861 0.696875 0.517361 0.706250 0.538194 0.661458 0.538194 0.638542 0.525694 0.598958 0.531250 0.596875 0.445139 0.629167 0.429861 0.657292 0.422917
0 0.584375 0.411806 0.585417 0.440972 0.568750 0.459028 0.572917 0.503472 0.590625 0.518750 0.592708 0.535417 0.536458 0.532639 0.517708 0.518750 0.507292 0.485417 0.517708 0.440972 0.541667 0.422917
1 0.495833 0.384028 0.484375 0.352083 0.476042 0.295139 0.477083 0.246528 0.498958 0.202083 0.512500 0.186806 0.537500 0.190972 0.565625 0.196528 0.608333 0.188194 0.645833 0.174306 0.681250 0.164583 0.736458 0.160417 0.785417 0.161806 0.830208 0.186806 0.853125 0.215972 0.868750 0.272917 0.856250 0.314583 0.825000 0.347917 0.781250 0.377083 0.736458 0.395139 0.692708 0.393750 0.648958 0.389583 0.615625 0.386806 0.565625 0.386806 0.545833 0.400694 0.517708 0.403472
1 0.645833 0.564583 0.617708 0.574306 0.583333 0.577083 0.547917 0.572917 0.527083 0.565972 0.503125 0.574306 0.486458 0.600694 0.475000 0.640972 0.475000 0.690972 0.483333 0.747917 0.505208 0.786806 0.534375 0.795139 0.563542 0.784028 0.612500 0.778472 0.656250 0.782639 0.709375 0.797917 0.763542 0.790972 0.836458 0.756250 0.864583 0.725694 0.877083 0.682639 0.873958 0.634028 0.831250 0.582639 0.790625 0.559028 0.737500 0.547917 0.688542 0.550694
1 0.469792 0.410417 0.498958 0.421528 0.508333 0.465972 0.497917 0.520139 0.397917 0.565972 0.322917 0.595139 0.275000 0.597917 0.227083 0.579861 0.185417 0.540972 0.170833 0.506250 0.165625 0.470139 0.180208 0.427083 0.220833 0.393750 0.255208 0.372917 0.312500 0.364583
1 0.336458 0.786806 0.369792 0.800694 0.400000 0.809028 0.433333 0.806250 0.463542 0.800694 0.485417 0.813194 0.502083 0.846528 0.509375 0.903472 0.508333 0.946528 0.491667 0.997917 0.230208 0.995139 0.193750 0.977083 0.164583 0.956250 0.140625 0.915972 0.136458 0.856250 0.156250 0.807639 0.208333 0.775694 0.265625 0.768750 0.312500 0.768750
2 0.423958 0.697917 0.440625 0.582639 0.404167 0.564583 0.321875 0.599306 0.277083 0.599306 0.243750 0.596528 0.256250 0.675694 0.265625 0.692361
2 0.420833 0.282639 0.242708 0.286806 0.233333 0.297917 0.246875 0.372917 0.313542 0.359028 0.405208 0.389583 0.416667 0.378472 0.430208 0.303472
4 0.731250 0.803472 0.726042 0.818750 0.695833 0.845139 0.644792 0.864583 0.615625 0.867361 0.594792 0.865972 0.570833 0.854861 0.550000 0.839583 0.513542 0.827083 0.498958 0.800694 0.484375 0.778472 0.483333 0.753472 0.506250 0.788194 0.536458 0.796528 0.569792 0.782639 0.612500 0.781250 0.654167 0.785417 0.708333 0.800694
