1 0.527344 0.002894 0.508247 0.020255 0.500434 0.052662 0.499566 0.092014 0.507378 0.124421 0.528212 0.144097 0.687066 0.197338 0.737413 0.196181 0.759983 0.181134 0.797309 0.162616 0.825955 0.127894 0.837240 0.090856 0.838976 0.031829 0.823351 0.005208
1 0.630642 0.318866 0.506510 0.364005 0.490017 0.384838 0.481337 0.423032 0.486545 0.461227 0.496094 0.493634 0.662760 0.550347 0.712240 0.552662 0.766927 0.529514 0.796441 0.493634 0.810330 0.443866 0.808594 0.384838 0.779080 0.333912 0.715712 0.307292
1 0.664497 0.710069 0.508247 0.749421 0.490017 0.774884 0.484809 0.816551 0.492622 0.869792 0.667969 0.939236 0.727865 0.939236 0.769531 0.914931 0.792101 0.881366 0.796441 0.830440 0.788628 0.778356 0.753038 0.734375 0.694878 0.706597
0 0.458767 0.115162 0.456163 0.028356 0.443560 0.000000 0.378038 0.001736 0.362413 0.044560 0.360677 0.086227 0.370226 0.169560 0.387587 0.161458 0.391059 0.095486 0.425781 0.078125 0.434462 0.114005
0 0.326823 0.008681 0.360677 0.123264 0.359809 0.173032 0.292101 0.182292 0.265191 0.105903 0.265191 0.078125 0.292969 0.075810 0.258247 0.001736
0 0.231337 0.004051 0.260851 0.072338 0.253906 0.108218 0.284288 0.181134 0.251302 0.188079 0.235677 0.205440 0.167969 0.110532 0.171441 0.089699 0.207031 0.081597 0.183594 0.036458 0.167101 0.019097 0.163628 0.002894 0.222946 0.000000
0 0.813802 0.166088 0.812934 0.199653 0.767795 0.217014 0.758247 0.232060 0.761719 0.267940 0.805990 0.271412 0.819878 0.294560 0.771267 0.320023 0.718316 0.301505 0.650608 0.306134 0.648872 0.271412 0.739149 0.206597 0.768663 0.178819
0 0.624566 0.561921 0.639323 0.546875 0.668837 0.551505 0.719184 0.552662 0.837240 0.587384 0.826823 0.616319 0.786024 0.623264 0.773872 0.641782 0.775608 0.663773 0.825087 0.684606 0.833767 0.719329 0.786892 0.713542 0.753038 0.691551 0.648872 0.639468 0.648003 0.609375 0.639323 0.576968
0 0.446615 0.389468 0.457899 0.423032 0.457031 0.464699 0.451823 0.491319 0.382378 0.505208 0.380642 0.475116 0.429253 0.461227 0.429253 0.423032 0.378906 0.405671 0.378906 0.377894
0 0.367622 0.402199 0.379774 0.451968 0.369358 0.497106 0.289497 0.507523 0.289497 0.479745 0.335503 0.463542 0.333767 0.425347 0.284288 0.412616 0.282552 0.381366
0 0.273872 0.406829 0.304253 0.443866 0.273003 0.505208 0.171441 0.505208 0.173177 0.478588 0.213108 0.467014 0.219184 0.449653 0.214844 0.413773 0.170573 0.409144 0.167101 0.383681 0.212240 0.380208
0 0.447483 0.791088 0.442274 0.903356 0.428385 0.923032 0.377170 0.931134 0.377170 0.890625 0.417101 0.851273 0.413628 0.837384 0.369358 0.832755 0.380642 0.743634 0.398003 0.739005 0.406684 0.776042 0.419705 0.788773
0 0.361545 0.844329 0.347656 0.903356 0.335503 0.927662 0.285156 0.940394 0.285156 0.911458 0.319878 0.854745 0.304253 0.843171 0.278212 0.843171 0.277344 0.811921 0.314670 0.739005 0.372830 0.734375
0 0.301649 0.739005 0.240017 0.732060 0.179253 0.820023 0.184462 0.844329 0.228733 0.852431 0.226128 0.869792 0.194878 0.907986 0.191406 0.939236 0.234809 0.939236 0.256510 0.913773 0.282552 0.864005 0.270399 0.845486 0.269531 0.810764
2 0.646267 0.935764 0.643663 0.964699 0.634983 0.980903 0.613281 0.991319 0.541233 0.987847 0.514323 0.975116 0.501302 0.948495 0.501302 0.919560 0.512587 0.896412 0.538628 0.895255
2 0.600260 0.556134 0.513455 0.556134 0.505642 0.573495 0.497830 0.593171 0.503038 0.617477 0.502170 0.652199 0.526476 0.664931 0.588108 0.671875 0.629774 0.661458 0.641059 0.640625 0.641059 0.610532 0.632378 0.581597 0.616753 0.566551
2 0.643663 0.313079 0.645399 0.286458 0.633247 0.255208 0.612413 0.240162 0.570747 0.237847 0.534288 0.236690 0.514323 0.251736 0.502170 0.263310 0.501302 0.324653 0.518663 0.342014 0.551649 0.345486
3 0.473524 0.122106 0.492622 0.147569 0.499566 0.204282 0.499566 0.269097 0.496962 0.362847 0.465712 0.384838 0.380642 0.372106 0.374566 0.389468 0.278212 0.375579 0.273872 0.397569 0.237413 0.383681 0.209635 0.357060 0.196615 0.323495 0.199219 0.272569 0.220052 0.230903 0.250434 0.201968 0.289497 0.183449 0.384983 0.176505 0.399740 0.142940 0.420573 0.124421
3 0.454427 0.534144 0.264323 0.524884 0.229601 0.542245 0.194010 0.567708 0.172309 0.609375 0.180122 0.662616 0.200955 0.695023 0.248698 0.725116 0.287760 0.730903 0.401476 0.728588 0.404948 0.767940 0.427517 0.792245 0.463976 0.792245 0.491753 0.770255 0.496094 0.736690 0.501302 0.659144 0.500434 0.616319 0.491753 0.588542 0.481337 0.576968 0.471788 0.542245
