1 0.716095 0.019063 0.540441 0.077887 0.528186 0.093137 0.517565 0.109477 0.514297 0.144336 0.518382 0.180283 0.524101 0.199891 0.535539 0.211874 0.681781 0.264161 0.725082 0.272876 0.774918 0.266340 0.819036 0.242375 0.851716 0.184641 0.857435 0.136710 0.853350 0.098584 0.836193 0.059368 0.807598 0.036492 0.763480 0.019063
1 0.693219 0.375272 0.528186 0.444989 0.511029 0.458061 0.502042 0.488562 0.500408 0.524510 0.510212 0.558279 0.524918 0.578976 0.692402 0.620370 0.733252 0.619281 0.774918 0.604031 0.802696 0.578976 0.826389 0.537582 0.832108 0.485294 0.820670 0.443900 0.796160 0.403595 0.764297 0.382898 0.730801 0.375272
1 0.444853 0.602941 0.457925 0.609477 0.466095 0.636710 0.467729 0.709695 0.462827 0.732571 0.335376 0.778322 0.300245 0.779412 0.270833 0.771786 0.236520 0.754357 0.207108 0.722767 0.192402 0.692266 0.189134 0.648693 0.206291 0.606209 0.236520 0.577887 0.279820 0.560458 0.322304 0.556100
1 0.462827 0.995098 0.458742 0.937364 0.441585 0.916667 0.310049 0.863290 0.292892 0.879630 0.296160 0.903595 0.286356 0.930828 0.269199 0.946078 0.222631 0.944989 0.238971 0.877451 0.211193 0.910131 0.197304 0.936275 0.194036 0.968954 0.196487 0.996187
2 0.527369 0.856754 0.543709 0.915577 0.560866 0.922113 0.642565 0.931917 0.720997 0.930828 0.737337 0.915577 0.740605 0.888344 0.736520 0.840414 0.723448 0.814270 0.657271 0.757625 0.533088 0.761983 0.524918 0.784858
2 0.698121 0.933007 0.698938 0.953704 0.698938 0.983115 0.690768 0.996187 0.533088 0.992919 0.529003 0.980937 0.518382 0.906863 0.517565 0.875272 0.525735 0.865468 0.540441 0.917756 0.561683 0.927560 0.643382 0.935185
2 0.704657 0.620370 0.705474 0.645425 0.703023 0.687908 0.693219 0.705338 0.649101 0.708606 0.595997 0.708606 0.537990 0.700980 0.525735 0.686819 0.520016 0.638889 0.524101 0.601852 0.533905 0.595316 0.578023 0.596405
4 0.470180 0.724946 0.474265 0.763072 0.470180 0.804466 0.453023 0.838235 0.426062 0.855664 0.390931 0.854575 0.368873 0.843682 0.348448 0.817538 0.341095 0.778322 0.462010 0.734749
4 0.466912 0.439542 0.479984 0.460240 0.493056 0.502723 0.487337 0.539760 0.472631 0.573529 0.453023 0.590959 0.439134 0.596405 0.367239 0.569172 0.356618 0.538671 0.350899 0.511438 0.354167 0.476580 0.368873 0.448257
4 0.431781 0.173747 0.405637 0.158497 0.381127 0.150871 0.375408 0.135621 0.351716 0.133442 0.351716 0.148693 0.327206 0.149782 0.299428 0.165033 0.277369 0.191176 0.265931 0.215142 0.269199 0.227124 0.390114 0.222767 0.406454 0.197712 0.417892 0.181373
3 0.445670 0.178105 0.478350 0.177015 0.495507 0.197712 0.505310 0.287037 0.500408 0.379630 0.496324 0.417756 0.484069 0.434096 0.445670 0.442810 0.255310 0.440632 0.213644 0.407952 0.198938 0.365468 0.196487 0.324074 0.214461 0.278322 0.249592 0.239107 0.270833 0.229303 0.391748 0.226035 0.407271 0.195534 0.416258 0.183551
0 0.508578 0.341503 0.584559 0.273965 0.617239 0.265251 0.641748 0.270697 0.659722 0.303377 0.663807 0.358932 0.562500 0.411220 0.553513 0.386166 0.511029 0.417756 0.499592 0.402505
0 0.668709 0.299020 0.715278 0.282680 0.736520 0.266340 0.781454 0.266340 0.802696 0.282680 0.814134 0.316449 0.812500 0.362200 0.758578 0.376362 0.727533 0.372004 0.689134 0.369826 0.618873 0.395969 0.664624 0.358932
0 0.334559 0.790305 0.290441 0.879630 0.295343 0.905773 0.287173 0.929739 0.270833 0.942810 0.220997 0.946078 0.240605 0.878540 0.236520 0.856754 0.218546 0.845861 0.230801 0.832789 0.258578 0.771786 0.275735 0.771786 0.303513 0.781590 0.330474 0.776144
0 0.323938 0.463508 0.341912 0.498366 0.337010 0.527778 0.292075 0.548475 0.269199 0.546296 0.258578 0.560458 0.207925 0.568083 0.208742 0.552832 0.225899 0.538671 0.223448 0.484205 0.209559 0.474401 0.204657 0.452614 0.254493 0.461329
