4 0.601997 0.060764 0.607205 0.050347 0.632378 0.049190 0.634983 0.063079 0.680122 0.075810 0.706163 0.096644 0.721788 0.140625 0.685330 0.181134 0.628906 0.167245 0.621094 0.151042 0.591580 0.155671 0.588108 0.170718 0.557726 0.188079 0.509983 0.181134 0.513455 0.138310 0.527344 0.108218 0.553385 0.081597
4 0.621094 0.161458 0.598524 0.162616 0.596788 0.175347 0.553385 0.189236 0.533420 0.206597 0.514323 0.232060 0.519531 0.270255 0.551649 0.278356 0.579427 0.266782 0.588976 0.251736 0.618490 0.245949 0.629774 0.265625 0.679253 0.273727 0.716580 0.248264 0.720920 0.221644 0.706163 0.199653 0.680122 0.184606 0.625434 0.174190
4 0.719184 0.338542 0.708767 0.316551 0.687066 0.291088 0.629774 0.271412 0.615885 0.250579 0.595052 0.252894 0.584635 0.269097 0.546441 0.280671 0.519531 0.295718 0.511719 0.329282 0.510851 0.360532 0.575087 0.366319 0.598524 0.350116 0.620226 0.343171 0.641059 0.360532 0.674045 0.362847
4 0.625434 0.346644 0.634983 0.366319 0.673177 0.382523 0.710503 0.410301 0.722656 0.445023 0.674045 0.456597 0.514323 0.449653 0.510851 0.405671 0.525608 0.380208 0.569878 0.373264 0.594184 0.367477 0.599392 0.348958
4 0.433594 0.513310 0.257378 0.505208 0.238281 0.509838 0.243490 0.537616 0.266059 0.563079 0.292969 0.578125 0.319010 0.586227 0.325087 0.608218 0.352865 0.609375 0.356337 0.593171 0.398003 0.579282 0.417101 0.572338 0.426649 0.548032
1 0.668837 0.457755 0.516927 0.499421 0.506510 0.514468 0.496094 0.554977 0.505642 0.592014 0.519531 0.612847 0.674045 0.673032 0.726997 0.667245 0.757378 0.644097 0.784288 0.605903 0.789497 0.556134 0.771267 0.502894 0.738281 0.465856
1 0.888455 0.995949 0.871962 0.949653 0.832031 0.903356 0.761719 0.860532 0.663628 0.865162 0.543837 0.895255 0.515191 0.924190 0.501302 0.970486 0.503906 0.998264
2 0.454427 0.207755 0.454427 0.169560 0.437934 0.144097 0.402344 0.134838 0.354601 0.139468 0.327691 0.149884 0.308594 0.175347 0.308594 0.210069 0.326823 0.236690 0.360677 0.227431 0.380642 0.211227 0.416233 0.206597
2 0.535156 0.622106 0.485677 0.624421 0.483941 0.655671 0.481337 0.697338 0.496094 0.734375 0.519531 0.750579 0.601997 0.749421 0.619358 0.739005 0.633247 0.714699 0.634983 0.681134 0.624566 0.654514
4 0.429253 0.997106 0.432726 0.660301 0.246962 0.651042 0.256510 0.995949
3 0.470052 0.218171 0.486545 0.236690 0.490017 0.274884 0.494358 0.355903 0.490017 0.431134 0.478733 0.461227 0.445747 0.477431 0.255642 0.454282 0.210503 0.433449 0.180990 0.403356 0.170573 0.368634 0.172309 0.324653 0.210503 0.273727 0.257378 0.249421 0.332031 0.242477 0.359809 0.234375 0.378038 0.219329 0.417969 0.210069 0.450955 0.210069
