4 0.347631 0.111656 0.354984 0.087691 0.376225 0.062636 0.394199 0.048475 0.436683 0.048475 0.464461 0.072440 0.474265 0.100763 0.479984 0.137800 0.475899 0.180283 0.466095 0.193355 0.463644 0.165033 0.447304 0.145425
4 0.419526 0.299020 0.448121 0.313181 0.470997 0.339325 0.480801 0.370915 0.479167 0.424292 0.464461 0.458061 0.445670 0.471133 0.368056 0.468954 0.345180 0.438453 0.341095 0.404684 0.341095 0.370915 0.359069 0.328431
0 0.332925 0.110566 0.295343 0.019063 0.296160 0.003813 0.232435 0.000545 0.239788 0.020153 0.220997 0.027778 0.221814 0.043028 0.233252 0.049564 0.261029 0.120370 0.301879 0.108388
0 0.337827 0.376362 0.279003 0.346950 0.265114 0.322985 0.231618 0.316449 0.209559 0.316449 0.214461 0.341503 0.229167 0.355664 0.228350 0.406863 0.212827 0.406863 0.211193 0.424292 0.232435 0.424292 0.291258 0.455882 0.327206 0.446078 0.341095 0.428649 0.338644 0.406863
0 0.462010 0.721678 0.452206 0.765251 0.461193 0.788126 0.462010 0.826253 0.445670 0.849129 0.390114 0.860022 0.391748 0.803377 0.391748 0.780501 0.382761 0.761983 0.386846 0.705338 0.398284 0.723856 0.421977 0.724946
0 0.380310 0.730392 0.349265 0.793573 0.350082 0.818627 0.343546 0.849129 0.319036 0.856754 0.283088 0.858932 0.293709 0.800109 0.292075 0.772876 0.279003 0.766340 0.283088 0.755447 0.311683 0.690087 0.373775 0.692266
0 0.276552 0.778322 0.254493 0.801198 0.254493 0.822985 0.246324 0.848039 0.228350 0.860022 0.182598 0.856754 0.204657 0.806645 0.201389 0.768519 0.179330 0.765251 0.189134 0.753268 0.207925 0.738017 0.246324 0.684641 0.272467 0.687908 0.301062 0.691176 0.290441 0.726035
0 0.543709 0.815359 0.583742 0.937364 0.573121 0.942810 0.569036 0.962418 0.577206 0.997277 0.505310 0.996187 0.505310 0.970044 0.511029 0.954793 0.476716 0.837146 0.472631 0.807734 0.475082 0.770697 0.485703 0.769608 0.497141 0.795752 0.509395 0.811002
0 0.625408 0.842593 0.650735 0.906863 0.672794 0.935185 0.668709 0.947168 0.649101 0.947168 0.649101 0.966776 0.664608 0.998333 0.598448 0.998333 0.594363 0.979847 0.595997 0.963508 0.591912 0.939542 0.550245 0.826253
0 0.723448 0.853486 0.746324 0.891612 0.765114 0.916667 0.793709 0.941721 0.789624 0.954793 0.756127 0.954793 0.755310 0.967865 0.764297 0.997277 0.713644 0.997277 0.711193 0.973312 0.698121 0.954793 0.675245 0.933007 0.652369 0.904684 0.632761 0.849129 0.692402 0.861111
1 0.446487 0.147603 0.462827 0.167211 0.463644 0.245643 0.457108 0.275054 0.343546 0.330610 0.307598 0.341503 0.277369 0.336057 0.264297 0.317538 0.220180 0.315359 0.203023 0.299020 0.186683 0.264161 0.183415 0.222767 0.196487 0.182462 0.225082 0.146514 0.257761 0.125817 0.305964 0.109477
1 0.577206 0.278322 0.505310 0.304466 0.488154 0.332789 0.484886 0.363290 0.488154 0.402505 0.503676 0.430828 0.683415 0.489651 0.735703 0.483115 0.771650 0.460240 0.799428 0.429739 0.814951 0.389434 0.815768 0.344771 0.802696 0.299020 0.772467 0.264161 0.730801 0.242375 0.679330 0.243464
1 0.667892 0.627996 0.504493 0.686819 0.492239 0.704248 0.485703 0.744553 0.488971 0.768519 0.497141 0.794662 0.520833 0.812092 0.665441 0.856754 0.689951 0.861111 0.737337 0.851307 0.777369 0.824074 0.797794 0.775054 0.799428 0.741285 0.788807 0.693355 0.760212 0.653050 0.722631 0.634532
1 0.462827 0.899237 0.442402 0.883987 0.352533 0.849129 0.317402 0.857843 0.279820 0.860022 0.285539 0.827342 0.255310 0.828431 0.252042 0.851307 0.229984 0.864379 0.198121 0.857843 0.180964 0.888344 0.174428 0.936275 0.181781 0.963508 0.198938 0.996187 0.460376 0.997277 0.471814 0.968954 0.471814 0.931917
3 0.461193 0.474401 0.483252 0.485294 0.489788 0.510349 0.494690 0.576797 0.491422 0.646514 0.488154 0.691176 0.475899 0.716231 0.442402 0.721678 0.407271 0.722767 0.391748 0.710784 0.386029 0.687908 0.254493 0.678105 0.218546 0.650871 0.196487 0.612745 0.187500 0.564815 0.205474 0.512527 0.239788 0.486383 0.271650 0.471133
2 0.619690 0.491830 0.520016 0.494009 0.506944 0.512527 0.504493 0.544118 0.508578 0.565904 0.524101 0.588780 0.583742 0.593137 0.664624 0.588780 0.686683 0.583333 0.691585 0.561547 0.689951 0.516885 0.680147 0.497277
2 0.711193 0.242375 0.706291 0.218410 0.697304 0.192266 0.536356 0.205338 0.522467 0.223856 0.518382 0.259804 0.524101 0.296841 0.577206 0.276144 0.679330 0.243464
2 0.748775 0.085512 0.667075 0.162854 0.658905 0.166122 0.547794 0.167211 0.537173 0.156318 0.531454 0.090959 0.542892 0.040850 0.544505 0.000000 0.759395 0.001634 0.759395 0.033224
