2 0.551062 0.170479 0.520016 0.181373 0.509395 0.202070 0.505310 0.247821 0.506944 0.303377 0.595180 0.279412 0.645016 0.263072 0.655637 0.252179 0.657271 0.218410 0.653186 0.199891 0.640931 0.177015 0.573121 0.162854
2 0.548611 0.478758 0.501225 0.480937 0.482435 0.488562 0.465278 0.500545 0.459559 0.535403 0.462827 0.561547 0.481618 0.586601 0.508578 0.593137 0.562500 0.596405 0.589461 0.595316 0.608252 0.582244 0.618056 0.559368 0.616422 0.522331 0.605801 0.495098
0 0.834559 0.076797 0.827206 0.117102 0.799428 0.129085 0.776552 0.147603 0.777369 0.165033 0.782271 0.180283 0.828840 0.187908 0.838644 0.210784 0.750408 0.270697 0.710376 0.255447 0.659722 0.255447 0.662173 0.194444 0.774918 0.092048 0.801062 0.077887
0 0.739788 0.502723 0.813317 0.504902 0.806781 0.532135 0.765114 0.537582 0.749592 0.551743 0.747958 0.580065 0.756127 0.600763 0.797794 0.604031 0.804330 0.637800 0.723448 0.616013 0.617239 0.581155 0.631127 0.510349 0.681781 0.517974 0.711193 0.514706
0 0.458742 0.003813 0.457925 0.060458 0.433415 0.059368 0.413807 0.074619 0.398284 0.121460 0.393382 0.121460 0.388502 0.000000
0 0.377859 0.002723 0.384395 0.120370 0.322304 0.121460 0.293537 0.000000
0 0.275735 0.000545 0.314134 0.120370 0.273284 0.124728 0.248775 0.134532 0.189134 0.001634
0 0.352533 0.354575 0.356618 0.388344 0.381944 0.417756 0.396650 0.436275 0.393382 0.451525 0.352533 0.458061 0.353350 0.488562 0.384395 0.495098 0.415441 0.487473 0.432598 0.470044 0.437500 0.433007 0.416258 0.372004 0.390931 0.360022
0 0.372141 0.414488 0.301062 0.365468 0.253676 0.358932 0.257761 0.391612 0.290441 0.395969 0.301879 0.416667 0.301062 0.435185 0.285539 0.452614 0.252042 0.462418 0.252859 0.489651 0.328023 0.497277 0.348448 0.490741 0.345997 0.455882
0 0.250408 0.376362 0.207925 0.363290 0.174428 0.354575 0.161356 0.357843 0.169526 0.390523 0.191585 0.392702 0.209559 0.399237 0.216095 0.413399 0.216912 0.440632 0.195670 0.450436 0.167075 0.456972 0.166258 0.491830 0.251225 0.494009
4 0.444036 0.520153 0.251225 0.517974 0.255310 0.745643 0.441585 0.754357 0.433415 0.709695 0.450572 0.665033
4 0.483252 0.787037 0.492239 0.833878 0.526552 0.868736 0.560049 0.889434 0.587827 0.894880 0.629493 0.890523 0.661356 0.874183 0.666258 0.865468 0.619690 0.857843
1 0.470997 0.844771 0.497958 0.909041 0.498775 0.936275 0.480810 0.998333 0.171160 0.995098 0.147467 0.958061 0.136846 0.910131 0.152369 0.860022 0.198121 0.815359 0.248775 0.789216 0.308415 0.791394 0.372958 0.837146
1 0.646650 0.607298 0.454657 0.660675 0.434232 0.717320 0.446487 0.766340 0.609886 0.850218 0.672794 0.863290 0.725899 0.856754 0.775735 0.828431 0.801879 0.797930 0.812500 0.760893 0.810866 0.715142 0.763480 0.650871 0.708742 0.616013
1 0.649101 0.261983 0.457925 0.333878 0.447304 0.344771 0.443219 0.390523 0.453840 0.441721 0.648284 0.512527 0.699755 0.510349 0.742239 0.494009 0.797794 0.443900 0.822304 0.399237 0.823121 0.352397 0.795343 0.305556 0.752042 0.275054 0.703840 0.256536
3 0.493056 0.071351 0.503676 0.084423 0.511029 0.123638 0.510212 0.170479 0.503676 0.252179 0.499592 0.307734 0.453023 0.330610 0.435866 0.348039 0.328840 0.349129 0.248775 0.338235 0.205474 0.303377 0.182598 0.259804 0.180964 0.216231 0.200572 0.175926 0.237337 0.144336 0.273284 0.130174 0.301062 0.123638 0.397467 0.126906 0.413807 0.085512 0.434232 0.064815
