3 0.490420 0.006691 0.488595 0.082117 0.484945 0.128345 0.466697 0.147810 0.303376 0.172141 0.245894 0.169708 0.207573 0.142944 0.188412 0.099148 0.184763 0.052920 0.209398 0.001825
3 0.456661 0.285280 0.481296 0.290146 0.494069 0.302311 0.504106 0.354623 0.504106 0.413017 0.501369 0.473844 0.494069 0.506691 0.479471 0.524939 0.428376 0.531022 0.397354 0.527372 0.269617 0.527372 0.218522 0.505474 0.187500 0.468978 0.178376 0.431265 0.183850 0.383820 0.223996 0.341241 0.266880 0.316910 0.392792 0.304745 0.415602 0.282847
4 0.424726 0.237835 0.393704 0.219586 0.324361 0.215937 0.254106 0.223236 0.235858 0.239051 0.252281 0.297445 0.271442 0.315693 0.395529 0.301095 0.416515 0.282847
4 0.425639 0.616180 0.422901 0.588200 0.395529 0.537105 0.294252 0.529805 0.254106 0.554136 0.238595 0.614964 0.267792 0.621046 0.409215 0.623479
2 0.554288 0.038321 0.514142 0.051703 0.502281 0.089416 0.511405 0.139294 0.652828 0.077251 0.648266 0.055353 0.615420 0.044404
2 0.609033 0.350973 0.535128 0.372871 0.519617 0.392336 0.517792 0.433698 0.535128 0.466545 0.564325 0.475061 0.639142 0.456813 0.661953 0.443431 0.670164 0.413017 0.659215 0.366788 0.640967 0.352190
2 0.646442 0.709854 0.646442 0.731752 0.639142 0.759732 0.618157 0.775547 0.566150 0.780414 0.517792 0.770681 0.505018 0.760949 0.504106 0.737835 0.499544 0.712287 0.511405 0.689173 0.531478 0.673358
1 0.709398 0.066302 0.655566 0.079684 0.468522 0.162409 0.460310 0.214720 0.475821 0.264599 0.667427 0.324209 0.741332 0.324209 0.819799 0.281630 0.857208 0.228102 0.863595 0.177007 0.846259 0.128345 0.787865 0.078467
1 0.728558 0.470195 0.670164 0.467762 0.602646 0.489659 0.467609 0.552920 0.453923 0.613747 0.473996 0.652676 0.650091 0.708637 0.703923 0.707421 0.762318 0.689173 0.807938 0.645377 0.827099 0.608881 0.827099 0.565085 0.806113 0.522506 0.745894 0.477494
1 0.466697 0.681873 0.410128 0.695255 0.364507 0.695255 0.312500 0.678224 0.247719 0.672141 0.192974 0.698905 0.165602 0.741484 0.161040 0.810827 0.190237 0.870438 0.235858 0.906934 0.295164 0.914234 0.368157 0.895985 0.419252 0.892336 0.460310 0.899635 0.494069 0.892336 0.505931 0.838808 0.505931 0.780414 0.502281 0.739051 0.490420 0.703771
1 0.704836 0.816910 0.516880 0.878954 0.475821 0.897202 0.465785 0.942214 0.479471 0.984793 0.509936 0.998333 0.823449 0.998333 0.837135 0.959246 0.831661 0.915450 0.799726 0.865572 0.745894 0.826642
