1 0.667708 0.570139 0.501042 0.627083 0.488542 0.646528 0.484375 0.679861 0.484375 0.709028 0.497917 0.738194 0.512500 0.753472 0.692708 0.807639 0.735417 0.800694 0.776042 0.774306 0.800000 0.734028 0.809375 0.686806 0.803125 0.642361 0.766667 0.590972 0.710417 0.568750
1 0.505208 0.790972 0.514583 0.831250 0.506250 0.884028 0.391667 0.924306 0.320833 0.939583 0.267708 0.927083 0.232292 0.896528 0.207292 0.870139 0.201042 0.821528 0.220833 0.768750 0.259375 0.739583 0.312500 0.720139 0.367708 0.740972
1 0.500000 0.439583 0.506250 0.477083 0.502083 0.531250 0.317708 0.590972 0.257292 0.578472 0.213542 0.547917 0.195833 0.515972 0.188542 0.472917 0.203125 0.432639 0.231250 0.404861 0.273958 0.381250 0.323958 0.377083 0.360417 0.385417
1 0.500000 0.114583 0.511458 0.159028 0.501042 0.210417 0.344792 0.274306 0.289583 0.284028 0.231250 0.259028 0.207292 0.234028 0.196875 0.209028 0.192708 0.159028 0.206250 0.125694 0.248958 0.081250 0.300000 0.060417 0.344792 0.059028
4 0.562500 0.003472 0.535417 0.034028 0.517708 0.106250 0.537500 0.153472 0.555208 0.159028 0.566667 0.152083 0.612500 0.153472 0.623958 0.163194 0.645833 0.161806 0.653125 0.147917 0.667708 0.142361 0.667708 0.150694 0.683333 0.157639 0.694792 0.139583 0.751042 0.036806 0.763542 0.006250
4 0.629167 0.186806 0.639583 0.200694 0.696875 0.218750 0.722917 0.245139 0.728125 0.275694 0.685417 0.309028 0.639583 0.295139 0.626042 0.271528 0.593750 0.274306 0.585417 0.299306 0.523958 0.302083 0.525000 0.265972 0.536458 0.232639 0.578125 0.213194 0.605208 0.206250 0.605208 0.190972
4 0.625000 0.277083 0.602083 0.281250 0.595833 0.297917 0.565625 0.306250 0.539583 0.321528 0.516667 0.343750 0.518750 0.388194 0.583333 0.392361 0.602083 0.367361 0.626042 0.365972 0.644792 0.389583 0.677083 0.390972 0.715625 0.377083 0.725000 0.368750 0.703125 0.331250 0.670833 0.309028 0.632292 0.303472
4 0.627083 0.368750 0.630208 0.384028 0.673958 0.399306 0.705208 0.425694 0.718750 0.453472 0.718750 0.463194 0.635417 0.467361 0.621875 0.460417 0.588542 0.459028 0.583333 0.467361 0.525000 0.470139 0.514583 0.454861 0.520833 0.409028 0.542708 0.402083 0.596875 0.393750 0.602083 0.371528
4 0.622917 0.463194 0.629167 0.478472 0.661458 0.481250 0.695833 0.510417 0.709375 0.528472 0.718750 0.559028 0.544792 0.560417 0.514583 0.553472 0.514583 0.504861 0.535417 0.484028 0.587500 0.475694 0.594792 0.464583
4 0.456250 0.585417 0.467708 0.625694 0.469792 0.678472 0.203125 0.682639 0.204167 0.627083 0.254167 0.595139
4 0.481250 0.289583 0.487500 0.350694 0.472917 0.388194 0.376042 0.388194 0.317708 0.371528 0.261458 0.379861 0.218750 0.346528 0.221875 0.288194
2 0.508333 0.753472 0.525000 0.843750 0.548958 0.874306 0.638542 0.871528 0.663542 0.857639 0.676042 0.825694 0.672917 0.804861
