2 0.636719 0.535301 0.653212 0.557292 0.653212 0.588542 0.645399 0.607060 0.623698 0.622106 0.590712 0.626736 0.556858 0.630208 0.510851 0.612847 0.483941 0.579282 0.490017 0.550347 0.509983 0.528356 0.557726 0.522569 0.596788 0.519097
2 0.685330 0.255208 0.651476 0.285301 0.595052 0.304977 0.552517 0.326968 0.523003 0.315394 0.515191 0.291088 0.515191 0.263310 0.527344 0.225116 0.546441 0.204282 0.580295 0.189236 0.621962 0.183449 0.666233 0.197338 0.687934 0.220486
2 0.462240 0.038773 0.440538 0.015625 0.417101 0.002894 0.353733 0.001736 0.318142 0.022569 0.306858 0.057292 0.310330 0.085069 0.323351 0.111690 0.357205 0.098958 0.381510 0.064236 0.426649 0.048032
0 0.360677 0.350116 0.368490 0.468171 0.379774 0.468171 0.385851 0.478588 0.429253 0.467014 0.443142 0.445023 0.442274 0.417245 0.437066 0.370949 0.410156 0.353588
0 0.356337 0.398727 0.336372 0.389468 0.321615 0.364005 0.294705 0.357060 0.264323 0.358218 0.271267 0.384838 0.285156 0.402199 0.285156 0.447338 0.268663 0.460069 0.271267 0.477431 0.294705 0.463542 0.312066 0.476273 0.347656 0.479745 0.361545 0.468171
0 0.179253 0.359375 0.236545 0.368634 0.240885 0.387153 0.254774 0.389468 0.273003 0.410301 0.274740 0.441551 0.263455 0.457755 0.263455 0.483218 0.242622 0.483218 0.217448 0.469329 0.184462 0.475116 0.182726 0.457755 0.208767 0.446181 0.206163 0.403356
0 0.364149 0.479745 0.410156 0.477431 0.430122 0.485532 0.440538 0.517940 0.439670 0.551505 0.427517 0.578125 0.405816 0.593171 0.361545 0.593171 0.366753 0.561921
0 0.435330 0.576968 0.404948 0.598958 0.378906 0.596644 0.365017 0.619792 0.372830 0.637153 0.375434 0.670718 0.366753 0.720486 0.417101 0.723958 0.436198 0.701968 0.440538 0.670718 0.437934 0.635995 0.445747 0.600116
0 0.449219 0.708912 0.441406 0.754051 0.449219 0.782986 0.447483 0.813079 0.430990 0.838542 0.379774 0.848958 0.380642 0.799190 0.378038 0.751736 0.371962 0.745949 0.378038 0.728588 0.417969 0.727431 0.436198 0.701968
0 0.355469 0.559606 0.332899 0.572338 0.323351 0.586227 0.288628 0.596644 0.266927 0.595486 0.275608 0.561921 0.277344 0.513310 0.260851 0.487847 0.280816 0.485532 0.336372 0.489005 0.353733 0.493634 0.355469 0.523727
0 0.247830 0.486690 0.217448 0.490162 0.171441 0.491319 0.186198 0.515625 0.196615 0.527199 0.194010 0.564236 0.180122 0.597801 0.204427 0.597801 0.238281 0.587384 0.240885 0.573495 0.263455 0.573495 0.272135 0.526042
0 0.358941 0.661458 0.345920 0.673032 0.344184 0.697338 0.324219 0.719329 0.273003 0.722801 0.286892 0.683449 0.285156 0.637153 0.269531 0.626736 0.269531 0.611690 0.286024 0.608218 0.303385 0.593171 0.323351 0.587384 0.354601 0.585069
0 0.280816 0.652199 0.252170 0.668403 0.247830 0.690394 0.231337 0.706597 0.177517 0.719329 0.200955 0.681134 0.195747 0.630208 0.165365 0.607060 0.211372 0.610532 0.266059 0.586227 0.257378 0.620949
0 0.365017 0.750579 0.355469 0.778356 0.356337 0.793403 0.352865 0.825810 0.338976 0.845486 0.317274 0.848958 0.280816 0.843171 0.299913 0.782986 0.294705 0.757523 0.282552 0.754051 0.279080 0.739005 0.292101 0.733218 0.297309 0.723958 0.332899 0.717014 0.356337 0.688079
0 0.271267 0.763310 0.252170 0.784144 0.252170 0.810764 0.240017 0.828125 0.221788 0.831597 0.183594 0.832755 0.185330 0.811921 0.205295 0.787616 0.200955 0.748264 0.179253 0.735532 0.196615 0.725116 0.228733 0.714699 0.267795 0.673032 0.273872 0.700810 0.261719 0.728588
1 0.491753 0.004051 0.493490 0.036458 0.512587 0.060764 0.691406 0.100116 0.729601 0.098958 0.772135 0.073495 0.807726 0.028356 0.812066 0.001736
1 0.707031 0.277199 0.641927 0.291088 0.485677 0.361690 0.472656 0.388310 0.468316 0.425347 0.479601 0.461227 0.497830 0.489005 0.541233 0.505208 0.677517 0.535301 0.736545 0.521412 0.769531 0.491319 0.803385 0.442708 0.807726 0.384838 0.789497 0.324653 0.738281 0.287616
1 0.713108 0.649884 0.656684 0.649884 0.609809 0.669560 0.485677 0.725116 0.476997 0.763310 0.474392 0.794560 0.479601 0.828125 0.495226 0.845486 0.629774 0.874421 0.675781 0.885995 0.734809 0.875579 0.779080 0.831597 0.796441 0.779514 0.783420 0.712384 0.742622 0.666088
1 0.497830 0.995949 0.501302 0.954282 0.477865 0.904514 0.336372 0.848958 0.312066 0.857060 0.276476 0.851273 0.268663 0.825810 0.231337 0.837384 0.205295 0.869792 0.186198 0.911458 0.187934 0.971644 0.208767 0.995949
3 0.465712 0.043403 0.496094 0.064236 0.508247 0.130208 0.508247 0.192708 0.505642 0.273727 0.503038 0.309606 0.486545 0.338542 0.449219 0.348958 0.240017 0.330440 0.206163 0.302662 0.188802 0.257523 0.197483 0.204282 0.223524 0.154514 0.258247 0.134838 0.322483 0.119792 0.351128 0.110532 0.372830 0.097801 0.385851 0.071181 0.412760 0.052662
