1 0.672794 0.066993 0.526552 0.108388 0.515114 0.127996 0.501225 0.166122 0.502859 0.211874 0.514297 0.235839 0.558415 0.260893 0.680147 0.309913 0.741422 0.320806 0.789624 0.297930 0.829657 0.257625 0.849265 0.196623 0.845997 0.143246 0.828023 0.100763 0.774101 0.064815 0.714461 0.058279
1 0.682598 0.449346 0.506944 0.494009 0.489788 0.514706 0.480801 0.559368 0.483252 0.600763 0.496324 0.624728 0.684232 0.702070 0.731618 0.699891 0.769199 0.681373 0.801879 0.647603 0.816585 0.607298 0.818219 0.563725 0.807598 0.516885 0.771650 0.472222 0.720997 0.449346
1 0.465278 0.678105 0.295343 0.610566 0.240605 0.616013 0.203840 0.637800 0.180147 0.668301 0.167892 0.712963 0.171160 0.771786 0.195670 0.811002 0.227533 0.834967 0.258578 0.850218 0.292075 0.855664 0.461193 0.804466 0.477533 0.787037 0.484886 0.744553 0.479167 0.705338
1 0.687500 0.802288 0.502042 0.850218 0.483252 0.875272 0.477533 0.912309 0.483252 0.948257 0.502042 0.973312 0.560866 0.997277 0.797794 0.995098 0.810049 0.956972 0.810049 0.907952 0.791258 0.855664 0.744690 0.815359
4 0.466095 0.240196 0.417892 0.187908 0.367239 0.175926 0.364788 0.156318 0.331291 0.159586 0.328840 0.170479 0.284722 0.181373 0.242239 0.212963 0.216095 0.243464 0.220997 0.265251 0.234069 0.275054 0.260212 0.268519 0.287990 0.264161 0.329657 0.263072 0.359069 0.258715 0.390931 0.240196 0.436683 0.232571
2 0.604984 0.343682 0.542075 0.342593 0.513480 0.354575 0.503676 0.381808 0.502859 0.418845 0.515114 0.441721 0.524101 0.448257 0.613971 0.456972 0.627859 0.454793 0.649101 0.429739 0.654003 0.385076 0.637663 0.360022
2 0.472631 0.505991 0.482435 0.525599 0.483252 0.560458 0.474265 0.592048 0.445670 0.600763 0.409722 0.605120 0.371324 0.600763 0.346814 0.589869 0.335376 0.572440 0.330474 0.547386 0.333742 0.525599 0.343546 0.500545 0.442402 0.513617
2 0.502042 0.634532 0.499592 0.649782 0.495507 0.675926 0.495507 0.714052 0.515931 0.745643 0.539624 0.758715 0.598448 0.760893 0.634395 0.754357 0.644199 0.733660 0.654003 0.711874 0.647467 0.691176
0 0.303513 0.507081 0.204657 0.527778 0.188317 0.561547 0.186683 0.622549 0.217729 0.622549 0.253676 0.590959 0.260212 0.607298 0.278186 0.609477 0.329657 0.577887 0.328023 0.512527
0 0.386029 0.830610 0.378676 0.970044 0.382606 0.998333 0.398284 0.975490 0.399101 0.940632 0.410539 0.933007 0.423611 0.930828 0.439134 0.935185 0.448938 0.989651 0.466912 0.991830 0.459559 0.811002
0 0.342729 0.846950 0.295343 0.988562 0.284722 0.972222 0.275735 0.928649 0.254493 0.915577 0.239788 0.935185 0.239788 0.972222 0.212827 0.982026 0.219363 0.909041 0.250408 0.855664 0.290441 0.855664
3 0.468546 0.241285 0.489788 0.261983 0.499592 0.300109 0.506944 0.357843 0.501225 0.440632 0.490605 0.484205 0.475899 0.500545 0.441585 0.513617 0.301879 0.492919 0.247141 0.479847 0.212010 0.453704 0.187500 0.410131 0.185866 0.362200 0.198938 0.321895 0.220180 0.293573 0.259395 0.270697 0.292892 0.264161 0.332925 0.264161 0.359886 0.259804 0.390931 0.241285 0.415441 0.234749
