1 0.658905 0.715142 0.624592 0.728214 0.594363 0.732571 0.555147 0.728214 0.522467 0.722767 0.502859 0.731481 0.489788 0.752179 0.482435 0.778322 0.479167 0.832789 0.483252 0.875272 0.502859 0.924292 0.522467 0.931917 0.548611 0.933007 0.576389 0.925381 0.613971 0.921024 0.669526 0.936275 0.707925 0.943900 0.770016 0.938453 0.822304 0.900327 0.841912 0.843682 0.835376 0.790305 0.814951 0.755447 0.768382 0.717320 0.718546 0.704248
1 0.419526 0.751089 0.453840 0.755447 0.470180 0.755447 0.488154 0.738017 0.501225 0.703159 0.502859 0.634532 0.488971 0.571351 0.467729 0.545207 0.444853 0.547386 0.420343 0.555011 0.390114 0.552832 0.349265 0.547386 0.306781 0.535403 0.255310 0.536492 0.214461 0.553922 0.181781 0.582244 0.164624 0.633442 0.165441 0.672658 0.182598 0.716231 0.220997 0.752179 0.281454 0.769608 0.328840 0.759804 0.371324 0.747821
1 0.655637 0.320806 0.529003 0.357843 0.518382 0.358932 0.492239 0.379630 0.475082 0.412309 0.472631 0.446078 0.475082 0.479847 0.488154 0.495098 0.499592 0.504902 0.502859 0.520153 0.523284 0.535403 0.666258 0.563725 0.724265 0.566993 0.770833 0.547386 0.806781 0.515795 0.831291 0.486383 0.841095 0.449346 0.841095 0.411220 0.819853 0.370915 0.786356 0.345861 0.739788 0.321895 0.703840 0.316449
1 0.497141 0.000545 0.496324 0.028867 0.499592 0.065904 0.515114 0.086601 0.537173 0.111656 0.680147 0.145425 0.732435 0.154139 0.823121 0.109477 0.869690 0.061547 0.888480 0.020153 0.888480 0.000545
0 0.462010 0.000545 0.457925 0.123638 0.426062 0.129085 0.409722 0.148693 0.407271 0.186819 0.395016 0.186819 0.377042 0.001634
0 0.370507 0.001634 0.390114 0.193355 0.327206 0.186819 0.286356 0.039760 0.280637 0.011438 0.280637 0.001634
0 0.252859 0.001634 0.316585 0.174837 0.314134 0.188998 0.270833 0.188998 0.245507 0.194444 0.162990 0.044118 0.159722 0.028867 0.159722 0.001634
0 0.435866 0.439542 0.462010 0.441721 0.453023 0.488562 0.429330 0.528867 0.394199 0.533224 0.375408 0.520153 0.365605 0.497277 0.359069 0.428649 0.412990 0.441721 0.408905 0.468954 0.408088 0.488562 0.415441 0.499455 0.426062 0.495098
0 0.354167 0.447168 0.332925 0.448257 0.256127 0.446078 0.257761 0.479847 0.263480 0.514706 0.283905 0.536492 0.309232 0.536492 0.338644 0.528867 0.367239 0.517974 0.362337 0.501634
0 0.247958 0.442810 0.225082 0.441721 0.220997 0.443900 0.150735 0.442810 0.150735 0.455882 0.153186 0.479847 0.161356 0.511438 0.183415 0.532135 0.216095 0.529956 0.264297 0.516885 0.255310 0.478758
0 0.461193 0.766340 0.381127 0.757625 0.375408 0.815359 0.376225 0.857843 0.390931 0.893791 0.416258 0.912309 0.441585 0.906863 0.455474 0.877451 0.466912 0.827342
0 0.372141 0.766340 0.343546 0.872004 0.333742 0.892702 0.311683 0.905773 0.284722 0.894880 0.270833 0.872004 0.265931 0.803377 0.284722 0.773965 0.373775 0.750000
0 0.279820 0.777233 0.203840 0.746732 0.162173 0.801198 0.162173 0.831699 0.165441 0.873094 0.179330 0.893791 0.198938 0.902505 0.224265 0.894880 0.247141 0.856754 0.263480 0.807734
2 0.640931 0.662854 0.664624 0.648693 0.671977 0.597495 0.653186 0.565904 0.624592 0.556100 0.543709 0.549564 0.526552 0.550654 0.515114 0.571351 0.511846 0.600763 0.517565 0.635621 0.542075 0.651961 0.587827 0.666122
2 0.658088 0.227124 0.595180 0.220588 0.573121 0.233660 0.561683 0.259804 0.547794 0.304466 0.547794 0.331699 0.556781 0.348039 0.654003 0.320806 0.704657 0.315359 0.714461 0.300109 0.715278 0.270697 0.705474 0.247821 0.688317 0.233660
3 0.465278 0.124728 0.481618 0.135621 0.492239 0.156318 0.504493 0.205338 0.502042 0.280501 0.497141 0.329521 0.488154 0.348039 0.484069 0.375272 0.468546 0.394880 0.428513 0.402505 0.263480 0.400327 0.229167 0.390523 0.194036 0.363290 0.175245 0.329521 0.172794 0.283769 0.185049 0.251089 0.216095 0.218410 0.251225 0.196623 0.296160 0.191176 0.404820 0.194444 0.408088 0.172658 0.411356 0.147603 0.433415 0.125817
1 0.517565 0.996187 0.505310 0.938453 0.488971 0.919935 0.463644 0.917756 0.437500 0.924292 0.389297 0.921024 0.356618 0.916667 0.319853 0.903595 0.266748 0.895969 0.223448 0.906863 0.190768 0.933007 0.166258 0.971133 0.163807 0.995098
4 0.681781 0.944989 0.647467 0.960240 0.613971 0.962418 0.607435 0.968954 0.586193 0.970044 0.580474 0.953704 0.547794 0.936275 0.577206 0.924292 0.621324 0.925381
