1 0.555990 0.004051 0.532552 0.012153 0.511719 0.042245 0.509983 0.075810 0.511719 0.103588 0.521267 0.129051 0.565538 0.144097 0.719184 0.206597 0.760851 0.193866 0.800781 0.166088 0.823351 0.129051 0.835503 0.088542 0.838108 0.043403 0.820747 0.004051
1 0.746094 0.700810 0.687066 0.696181 0.640191 0.712384 0.588976 0.725116 0.539497 0.722801 0.503038 0.715856 0.483073 0.744792 0.474392 0.796875 0.475260 0.845486 0.484809 0.895255 0.508247 0.918403 0.529948 0.925347 0.569010 0.910301 0.618490 0.917245 0.692274 0.928819 0.732205 0.931134 0.799913 0.891782 0.821615 0.854745 0.825087 0.800347 0.806858 0.747106 0.766927 0.707755
3 0.465712 0.857060 0.486545 0.914931 0.491753 0.994792 0.212240 0.994792 0.187934 0.972801 0.173177 0.928819 0.179253 0.891782 0.208767 0.862847 0.240885 0.837384 0.278212 0.830440 0.327691 0.830440 0.429253 0.845486
2 0.698351 0.939236 0.680990 0.963542 0.635851 0.965856 0.590712 0.964699 0.565538 0.949653 0.556858 0.920718 0.575087 0.914931 0.625434 0.919560
3 0.441406 0.745949 0.479601 0.725116 0.495226 0.675347 0.498698 0.601273 0.495226 0.530671 0.481337 0.497106 0.449219 0.471644 0.380642 0.478588 0.238281 0.494792 0.211372 0.516782 0.189670 0.548032 0.182726 0.600116 0.193142 0.627894 0.205295 0.655671 0.243490 0.679977 0.348524 0.715856 0.381510 0.730903 0.417101 0.742477
3 0.442274 0.103588 0.476128 0.112847 0.496962 0.134838 0.509115 0.192708 0.509983 0.284144 0.503038 0.358218 0.473524 0.392940 0.364149 0.395255 0.277344 0.385995 0.222656 0.362847 0.197483 0.321181 0.192274 0.260995 0.216580 0.212384 0.260851 0.176505 0.327691 0.163773 0.361545 0.154514 0.391927 0.119792
4 0.412760 0.756366 0.370226 0.773727 0.350260 0.773727 0.350260 0.784144 0.329427 0.781829 0.326823 0.766782 0.305122 0.766782 0.279080 0.754051 0.260851 0.727431 0.251302 0.688079 0.294705 0.712384 0.342448 0.718171 0.379774 0.732060
4 0.425781 0.404514 0.392795 0.399884 0.252170 0.389468 0.230469 0.395255 0.233941 0.424190 0.252170 0.462384 0.291233 0.486690 0.388455 0.473958 0.404948 0.470486 0.417969 0.443866
4 0.409288 0.108218 0.371962 0.090856 0.268663 0.101273 0.240017 0.122106 0.240017 0.146412 0.247830 0.181134 0.316406 0.163773 0.360677 0.156829 0.389323 0.116319
4 0.596788 0.249421 0.623698 0.247106 0.625434 0.264468 0.666233 0.273727 0.694010 0.292245 0.713976 0.320023 0.723524 0.350116 0.660156 0.374421 0.629774 0.369792 0.619358 0.357060 0.587240 0.353588 0.582031 0.372106 0.516059 0.369792 0.511719 0.354745 0.514323 0.322338 0.528212 0.298032 0.545573 0.286458 0.571615 0.276042 0.587240 0.276042
4 0.619358 0.362847 0.592448 0.355903 0.584635 0.379051 0.558594 0.385995 0.540365 0.402199 0.515191 0.429977 0.510851 0.451968 0.539497 0.458912 0.585503 0.464699 0.590712 0.447338 0.631510 0.450810 0.648872 0.458912 0.674045 0.460069 0.712240 0.460069 0.711372 0.439236 0.692274 0.413773 0.666233 0.387153 0.631510 0.377894 0.616753 0.377894
4 0.623698 0.451968 0.633247 0.472801 0.673177 0.489005 0.709635 0.524884 0.713976 0.558449 0.678385 0.558449 0.601128 0.552662 0.535156 0.546875 0.515191 0.541088 0.511719 0.520255 0.523003 0.475116 0.542969 0.472801 0.588976 0.475116 0.597656 0.453125
4 0.632378 0.554977 0.634983 0.574653 0.662760 0.574653 0.687066 0.590856 0.716580 0.638310 0.720920 0.660301 0.679253 0.668403 0.592448 0.662616 0.524740 0.644097 0.516059 0.634838 0.513455 0.593171 0.529080 0.558449 0.547309 0.565394 0.586372 0.565394 0.588108 0.557292
