3 0.481908 0.170322 0.493969 0.189327 0.501645 0.246345 0.503838 0.372076 0.497259 0.414474 0.466557 0.433480 0.292215 0.437865 0.254934 0.432018 0.215461 0.396930 0.194627 0.345760 0.203399 0.284357 0.234101 0.250731 0.265899 0.222953 0.395285 0.206871 0.411732 0.179094 0.434759 0.164474
1 0.511513 0.651316 0.518092 0.705409 0.509320 0.756579 0.314145 0.806287 0.247259 0.790205 0.195724 0.749269 0.167215 0.706871 0.159539 0.664474 0.182566 0.607456 0.245066 0.567982 0.291118 0.562135 0.361294 0.579678
1 0.684759 0.369152 0.521382 0.417398 0.498355 0.446637 0.478618 0.496345 0.488487 0.551901 0.500548 0.563596 0.519189 0.589912 0.694627 0.623538 0.762610 0.610380 0.831689 0.551901 0.848136 0.516813 0.848136 0.461257 0.816338 0.413012 0.765899 0.377924 0.713268 0.363304
1 0.496162 0.132310 0.515899 0.157164 0.525768 0.187865 0.717654 0.249269 0.798794 0.234649 0.866776 0.182018 0.890899 0.126462 0.890899 0.082602 0.867873 0.032895 0.828399 0.005117 0.570724 0.005117 0.543311 0.006579 0.511513 0.041667 0.493969 0.091374
2 0.526864 0.746345 0.513706 0.771199 0.512610 0.842836 0.520285 0.876462 0.731908 0.886696 0.737390 0.877924 0.723136 0.772661 0.715461 0.765351 0.649671 0.759503 0.547697 0.752193
2 0.440241 0.465643 0.425987 0.570906 0.409539 0.576754 0.342654 0.572368 0.299890 0.556287 0.254934 0.554825 0.248355 0.532895 0.241776 0.455409 0.430373 0.451023
4 0.441338 0.155702 0.430373 0.132310 0.378838 0.122076 0.372259 0.108918 0.349232 0.107456 0.339364 0.127924 0.276864 0.136696 0.264803 0.167398 0.239583 0.167398 0.209978 0.202485 0.213268 0.224415 0.238487 0.233187 0.268092 0.217105 0.393092 0.206871 0.409539 0.174708
0 0.606908 0.253655 0.606908 0.272661 0.595943 0.303363 0.594846 0.351608 0.610197 0.360380 0.609101 0.375000 0.587171 0.376462 0.570724 0.394006 0.516996 0.405702 0.507127 0.391082 0.509320 0.369152 0.509320 0.323830 0.529057 0.307749 0.538925 0.279971 0.555373 0.260965
0 0.704496 0.241959 0.704496 0.262427 0.682566 0.294591 0.681469 0.338450 0.707785 0.342836 0.707785 0.364766 0.682566 0.363304 0.661732 0.369152 0.613487 0.382310 0.620066 0.354532 0.597039 0.348684 0.606908 0.298977 0.621162 0.294591 0.645285 0.256579
0 0.695724 0.300439 0.727522 0.284357 0.749452 0.256579 0.794408 0.247807 0.814145 0.244883 0.799890 0.279971 0.766996 0.300439 0.772478 0.338450 0.802083 0.345760 0.806469 0.367690 0.780154 0.364766 0.758224 0.369152 0.716557 0.355994 0.715461 0.336988 0.696820 0.334064
0 0.736294 0.619152 0.775768 0.644006 0.798794 0.644006 0.803180 0.671784 0.769189 0.668860 0.773575 0.703947 0.805373 0.760965 0.793311 0.769737 0.735197 0.753655 0.724232 0.720029 0.681469 0.701023 0.683662 0.682018 0.711075 0.677632 0.715461 0.638158 0.680373 0.636696
0 0.654057 0.622076 0.684759 0.648392 0.708882 0.646930 0.703399 0.665936 0.680373 0.667398 0.677083 0.699561 0.711075 0.758041 0.709978 0.763889 0.647478 0.755117 0.625548 0.718567 0.589364 0.683480 0.602522 0.642544 0.579496 0.613304
0 0.559759 0.598684 0.591557 0.630848 0.594846 0.657164 0.575110 0.658626 0.584978 0.701023 0.609101 0.749269 0.549890 0.750731 0.529057 0.725877 0.524671 0.690789 0.518092 0.645468 0.480811 0.626462 0.485197 0.592836 0.500548 0.582602 0.515899 0.598684
