3 0.479601 0.326968 0.417101 0.324653 0.391059 0.340856 0.275608 0.347801 0.232205 0.368634 0.205295 0.406829 0.193142 0.465856 0.209635 0.521412 0.249566 0.557292 0.286024 0.566551 0.399740 0.565394 0.417101 0.575810 0.477865 0.570023 0.497830 0.553819 0.504774 0.473958 0.505642 0.409144 0.495226 0.343171
3 0.469184 0.648727 0.328559 0.649884 0.271267 0.653356 0.217448 0.682292 0.191406 0.715856 0.181858 0.758681 0.197483 0.804977 0.232205 0.837384 0.266927 0.855903 0.392795 0.862847 0.409288 0.911458 0.430122 0.928819 0.483941 0.923032 0.502170 0.905671 0.506510 0.874421 0.503906 0.755208 0.500434 0.691551 0.472656 0.684606
4 0.419705 0.926505 0.379774 0.934606 0.342448 0.914931 0.329427 0.889468 0.322483 0.864005 0.392795 0.866319 0.406684 0.917245
4 0.473524 0.570023 0.472656 0.603588 0.463108 0.630208 0.450955 0.648727 0.353733 0.646412 0.340712 0.626736 0.335503 0.596644 0.334635 0.571181 0.398872 0.570023 0.416233 0.578125
4 0.449219 0.323495 0.444010 0.288773 0.424045 0.249421 0.397135 0.229745 0.357205 0.233218 0.329427 0.256366 0.311198 0.291088 0.307726 0.343171 0.391927 0.337384 0.417101 0.322338
4 0.650608 0.139468 0.632378 0.090856 0.595920 0.071181 0.552517 0.068866 0.517795 0.100116 0.503906 0.126736 0.497830 0.156829 0.500434 0.188079
2 0.588976 0.392940 0.549045 0.398727 0.527344 0.412616 0.511719 0.446181 0.514323 0.480903 0.526476 0.501736 0.592448 0.512153 0.646267 0.498264 0.663628 0.484375 0.666233 0.436921 0.649740 0.410301 0.628906 0.397569
2 0.664497 0.769097 0.656684 0.789931 0.634115 0.802662 0.606337 0.806134 0.536892 0.800347 0.523003 0.779514 0.512587 0.748264 0.514323 0.717014 0.512587 0.701968 0.538628 0.713542
0 0.305990 0.866319 0.256510 0.997106 0.194010 0.998264 0.207031 0.975116 0.207899 0.955440 0.185330 0.949653 0.184462 0.935764 0.195747 0.928819 0.233941 0.842014 0.264323 0.860532
0 0.324219 0.567708 0.324219 0.601273 0.259983 0.642940 0.257378 0.660301 0.221788 0.677662 0.191406 0.678819 0.199219 0.651042 0.216580 0.637153 0.211372 0.589699 0.192274 0.582755 0.192274 0.570023 0.219184 0.571181 0.242622 0.558449 0.285156 0.571181
0 0.305122 0.299190 0.239149 0.239005 0.232205 0.212384 0.213976 0.197338 0.172309 0.195023 0.172309 0.213542 0.193142 0.242477 0.192274 0.287616 0.175781 0.288773 0.167969 0.310764 0.187934 0.306134 0.241753 0.359375 0.273872 0.346644 0.308594 0.339699
0 0.826823 0.004051 0.795573 0.049190 0.795573 0.074653 0.830295 0.081597 0.830295 0.098958 0.804253 0.110532 0.762587 0.155671 0.714844 0.139468 0.659288 0.140625 0.730469 0.061921 0.751302 0.037616 0.759983 0.002894
1 0.500434 0.000579 0.496094 0.182292 0.469184 0.206597 0.455295 0.221644 0.289497 0.219329 0.223524 0.203125 0.187934 0.173032 0.174045 0.122106 0.177517 0.071181 0.206163 0.020255 0.256510 0.004051
1 0.672309 0.142940 0.480469 0.197338 0.463976 0.220486 0.461372 0.250579 0.468316 0.299190 0.626302 0.377894 0.694878 0.397569 0.770399 0.372106 0.825087 0.325810 0.838976 0.269097 0.825087 0.218171 0.791233 0.183449 0.746094 0.152199 0.702691 0.140625
1 0.690538 0.508681 0.479601 0.580440 0.467448 0.624421 0.477865 0.681134 0.683594 0.770255 0.749566 0.772569 0.813802 0.749421 0.848524 0.712384 0.870226 0.663773 0.859809 0.605903 0.800781 0.537616 0.737413 0.513310
