2 0.555208 0.104861 0.539583 0.131250 0.523958 0.190972 0.527083 0.225694 0.546875 0.252083 0.598958 0.260417 0.635417 0.253472 0.701042 0.193750 0.723958 0.181250 0.736458 0.150694 0.737500 0.117361 0.715625 0.093750 0.652083 0.072917 0.598958 0.079861
2 0.371875 0.468750 0.396875 0.497917 0.400000 0.528472 0.381250 0.561806 0.327083 0.571528 0.286458 0.565972 0.253125 0.542361 0.240625 0.515972 0.245833 0.488194 0.268750 0.468750 0.325000 0.459028
2 0.414583 0.772917 0.427083 0.824306 0.430208 0.856250 0.417708 0.885417 0.364583 0.909028 0.317708 0.900694 0.284375 0.884028 0.277083 0.864583 0.277083 0.834028 0.291667 0.813194 0.333333 0.807639
4 0.712500 0.090972 0.711458 0.053472 0.678125 0.017361 0.637500 0.017361 0.569792 0.038194 0.521875 0.077083 0.514583 0.121528 0.522917 0.140972 0.535417 0.140972 0.537500 0.132639 0.556250 0.099306 0.598958 0.075694 0.651042 0.070139
4 0.704167 0.386806 0.678125 0.352083 0.634375 0.332639 0.629167 0.317361 0.601042 0.317361 0.601042 0.339583 0.565625 0.346528 0.528125 0.364583 0.516667 0.395139 0.516667 0.421528 0.548958 0.427083 0.605208 0.418750 0.642708 0.397917 0.675000 0.389583
4 0.426042 0.188194 0.426042 0.224306 0.408333 0.242361 0.402083 0.274306 0.392708 0.277083 0.361458 0.257639 0.312500 0.238194 0.262500 0.239583 0.240625 0.204861 0.243750 0.172917 0.275000 0.157639 0.376042 0.165972 0.415625 0.178472
4 0.553125 0.610417 0.533333 0.624306 0.522917 0.650694 0.517708 0.686806 0.517708 0.704861 0.557292 0.721528 0.609375 0.728472 0.655208 0.728472 0.704167 0.727083 0.711458 0.717361 0.703125 0.684028 0.672917 0.647917 0.623958 0.638194
1 0.534375 0.861806 0.701042 0.802083 0.756250 0.814583 0.814583 0.847917 0.855208 0.899306 0.860417 0.943750 0.856250 0.972917 0.836458 0.995139 0.514583 0.996528 0.497917 0.981250 0.494792 0.934028 0.502083 0.899306
1 0.385417 0.628472 0.465625 0.628472 0.488542 0.667361 0.495833 0.699306 0.494792 0.718750 0.464583 0.779861 0.386458 0.768750 0.358333 0.796528 0.310417 0.806250 0.263542 0.802083 0.213542 0.777083 0.182292 0.747917 0.170833 0.706250 0.181250 0.657639 0.219792 0.617361 0.273958 0.593750 0.317708 0.592361
1 0.659375 0.399306 0.467708 0.482639 0.460417 0.547917 0.471875 0.590972 0.673958 0.645139 0.746875 0.646528 0.801042 0.618750 0.845833 0.571528 0.860417 0.515972 0.848958 0.470139 0.826042 0.439583 0.789583 0.411806 0.748958 0.396528 0.701042 0.392361
1 0.388542 0.286806 0.467708 0.284028 0.490625 0.342361 0.491667 0.375694 0.465625 0.429861 0.382292 0.424306 0.353125 0.445139 0.300000 0.461806 0.234375 0.446528 0.183333 0.403472 0.168750 0.359028 0.176042 0.309028 0.210417 0.270139 0.264583 0.245139 0.321875 0.246528
1 0.495833 0.000694 0.500000 0.029861 0.468750 0.102083 0.383333 0.104861 0.344792 0.129861 0.285417 0.138194 0.237500 0.127083 0.191667 0.089583 0.171875 0.047917 0.177083 0.003472
