4 0.591580 0.034144 0.656684 0.036458 0.700087 0.058449 0.722656 0.090856 0.715712 0.123264 0.688802 0.146412 0.666233 0.140625 0.631510 0.138310 0.624566 0.123264 0.595052 0.125579 0.592448 0.138310 0.555990 0.151042 0.538628 0.163773 0.512587 0.162616 0.518663 0.109375 0.543837 0.071181 0.561198 0.048032
4 0.619358 0.123264 0.602865 0.126736 0.599392 0.139468 0.559462 0.155671 0.537760 0.168403 0.518663 0.195023 0.515191 0.221644 0.517795 0.244792 0.563802 0.248264 0.587240 0.239005 0.593316 0.237847 0.599392 0.222801 0.628038 0.218171 0.631510 0.229745 0.675781 0.249421 0.707899 0.228588 0.719184 0.212384 0.719184 0.176505 0.690538 0.151042 0.661892 0.145255 0.628038 0.142940
4 0.698351 0.262153 0.667101 0.251736 0.632378 0.240162 0.626302 0.225116 0.601128 0.227431 0.599392 0.242477 0.575955 0.244792 0.549913 0.252894 0.525608 0.269097 0.520399 0.281829 0.542101 0.286458 0.578559 0.286458 0.624566 0.282986 0.670573 0.269097
4 0.442274 0.366319 0.433594 0.411458 0.404948 0.448495 0.364149 0.454282 0.353733 0.464699 0.325087 0.462384 0.322483 0.449653 0.294705 0.441551 0.268663 0.421875 0.252170 0.396412 0.246962 0.358218 0.270399 0.350116 0.325087 0.351273 0.401476 0.352431
4 0.417969 0.717014 0.400608 0.736690 0.367622 0.749421 0.350260 0.749421 0.350260 0.762153 0.325955 0.763310 0.324219 0.752894 0.293837 0.741319 0.261719 0.719329 0.251302 0.695023 0.247830 0.667245 0.290365 0.686921 0.365017 0.689236 0.401476 0.682292 0.405816 0.699653
4 0.672309 0.895255 0.638455 0.913773 0.612413 0.920718 0.595052 0.920718 0.593316 0.925347 0.569878 0.923032 0.569010 0.916088 0.549913 0.906829 0.533420 0.899884 0.508247 0.877894 0.539497 0.889468 0.575087 0.877894 0.619358 0.880208
4 0.400608 0.049190 0.358941 0.039931 0.303385 0.035301 0.258247 0.046875 0.242622 0.067708 0.247830 0.118634 0.252170 0.118634 0.329427 0.105903 0.361545 0.093171 0.378038 0.075810 0.385851 0.061921
2 0.683594 0.607060 0.656684 0.612847 0.613281 0.614005 0.576823 0.609375 0.558594 0.586227 0.546441 0.570023 0.544705 0.542245 0.549913 0.520255 0.567274 0.508681 0.615017 0.501736 0.653212 0.504051 0.686198 0.510995 0.700955 0.537616 0.700955 0.570023 0.697483 0.600116
1 0.605469 0.291088 0.579427 0.293403 0.539497 0.291088 0.511719 0.285301 0.487413 0.304977 0.474392 0.354745 0.472656 0.416088 0.486545 0.477431 0.508247 0.499421 0.539497 0.495949 0.576823 0.491319 0.621962 0.494792 0.672309 0.502894 0.724392 0.509838 0.779948 0.489005 0.819878 0.453125 0.833767 0.403356 0.832899 0.354745 0.802517 0.298032 0.748698 0.269097 0.703559 0.266782 0.659288 0.274884
1 0.699219 0.660301 0.644531 0.676505 0.608941 0.682292 0.563802 0.683449 0.528212 0.675347 0.503038 0.697338 0.489149 0.750579 0.490885 0.810764 0.501302 0.861690 0.519531 0.880208 0.541233 0.884838 0.574219 0.879051 0.601997 0.872106 0.633247 0.877894 0.680990 0.889468 0.733941 0.896412 0.784288 0.881366 0.820747 0.855903 0.840712 0.821181 0.844184 0.776042 0.836372 0.734375 0.801649 0.691551 0.757378 0.666088
3 0.490017 0.052662 0.503906 0.098958 0.504774 0.171875 0.502170 0.235532 0.490017 0.292245 0.467448 0.316551 0.419705 0.344329 0.328559 0.333912 0.233073 0.313079 0.200087 0.282986 0.190538 0.242477 0.192274 0.206597 0.209635 0.160301 0.255642 0.127894 0.322483 0.110532 0.358941 0.102431 0.379774 0.078125 0.400608 0.054977 0.438802 0.042245
3 0.450955 0.475116 0.264323 0.463542 0.220920 0.486690 0.187066 0.512153 0.174045 0.545718 0.172309 0.587384 0.198351 0.634838 0.239149 0.663773 0.301649 0.674190 0.396267 0.669560 0.407552 0.691551 0.417969 0.710069 0.456163 0.715856 0.481337 0.692708 0.497830 0.674190 0.497830 0.572338 0.487413 0.510995
1 0.464844 0.859375 0.416233 0.867477 0.357205 0.854745 0.307726 0.826968 0.236545 0.825810 0.177517 0.858218 0.154080 0.905671 0.161024 0.971644 0.184462 0.998264 0.505642 0.997106 0.508247 0.949653 0.496962 0.895255 0.485677 0.867477
