3 0.467729 0.023420 0.435049 0.019063 0.402369 0.024510 0.383578 0.031046 0.366422 0.062636 0.332108 0.074619 0.246324 0.092048 0.211193 0.117102 0.190768 0.149782 0.180964 0.192266 0.182598 0.232571 0.198938 0.267429 0.243873 0.299020 0.389297 0.325163 0.459559 0.318627 0.484069 0.299020 0.494690 0.247821 0.496324 0.135621 0.494690 0.058279 0.479984 0.033224
3 0.424428 0.429739 0.445670 0.424292 0.470180 0.428649 0.488154 0.444989 0.501225 0.478758 0.505310 0.528867 0.505310 0.600763 0.502042 0.630174 0.479984 0.655229 0.448121 0.661765 0.425245 0.660675 0.409722 0.641068 0.261029 0.639978 0.233252 0.626906 0.202206 0.605120 0.182598 0.581155 0.170343 0.548475 0.176879 0.503813 0.207108 0.466776 0.247141 0.441721 0.286356 0.427560
1 0.446487 0.791394 0.415441 0.800109 0.373775 0.800109 0.321487 0.781590 0.279003 0.777233 0.232435 0.790305 0.200572 0.814270 0.182598 0.863290 0.185866 0.916667 0.204657 0.961329 0.243056 0.989651 0.263313 0.998333 0.351716 0.997277 0.375408 0.985294 0.401552 0.983115 0.434232 0.982026 0.457108 0.994009 0.479167 0.992919 0.498775 0.970044 0.506944 0.936275 0.508578 0.874183 0.496324 0.817538 0.480801 0.794662 0.457925 0.787037
1 0.669526 0.621460 0.506944 0.668301 0.491422 0.679194 0.480801 0.705338 0.477533 0.728214 0.484886 0.770697 0.506944 0.775054 0.508578 0.799020 0.675245 0.856754 0.737337 0.846950 0.774101 0.814270 0.792075 0.781590 0.796977 0.745643 0.792892 0.700980 0.767565 0.657407 0.729984 0.629085
1 0.492239 0.000545 0.496324 0.028867 0.506944 0.052832 0.667075 0.130174 0.719363 0.138889 0.762663 0.116013 0.796160 0.080065 0.816585 0.024510 0.819036 0.004902
4 0.398284 0.021242 0.323938 0.011438 0.273284 0.022331 0.248775 0.037582 0.243873 0.048475 0.254493 0.087691 0.332108 0.071351 0.368056 0.062636 0.381944 0.031046
4 0.421977 0.336057 0.369690 0.329521 0.297794 0.327342 0.252042 0.333878 0.244690 0.343682 0.247141 0.364379 0.284722 0.422113 0.320670 0.422113 0.320670 0.426471 0.362337 0.429739 0.361520 0.424292 0.412990 0.422113 0.421160 0.406863 0.421977 0.377451 0.438317 0.353486 0.434232 0.337146
4 0.408088 0.645425 0.413807 0.686819 0.428513 0.711874 0.425245 0.721678 0.404820 0.738017 0.364788 0.746732 0.314134 0.748911 0.262663 0.747821 0.234886 0.734749 0.236520 0.708606 0.268382 0.657407 0.270016 0.641068
2 0.580474 0.180283 0.544526 0.193355 0.517565 0.207516 0.500408 0.230392 0.502042 0.277233 0.506127 0.301198 0.533905 0.309913 0.582108 0.314270 0.606618 0.309913 0.645016 0.282680 0.665441 0.257625 0.664624 0.226035 0.645016 0.204248 0.613154 0.186819
2 0.622141 0.316449 0.578023 0.315359 0.546160 0.321895 0.521650 0.338235 0.510212 0.362200 0.500408 0.388344 0.505310 0.409041 0.522467 0.435185 0.566585 0.447168 0.647467 0.441721 0.681781 0.427560 0.701389 0.404684 0.703840 0.370915 0.685049 0.339325
2 0.504493 0.508170 0.537173 0.495098 0.588644 0.486383 0.645016 0.499455 0.663807 0.528867 0.663807 0.551743 0.637663 0.582244 0.582108 0.600763 0.531454 0.595316 0.509395 0.577887 0.507761 0.527778
2 0.497958 0.784858 0.506127 0.865468 0.517565 0.891612 0.555964 0.916667 0.618873 0.917756 0.644199 0.905773 0.666258 0.885076 0.666258 0.872004 0.656454 0.852397 0.507761 0.804466
