1 0.382292 0.000694 0.491667 0.040972 0.502083 0.086806 0.492708 0.143750 0.326042 0.211806 0.295833 0.203472 0.256250 0.206250 0.261458 0.236806 0.229167 0.231250 0.180208 0.202083 0.156250 0.165972 0.141667 0.115972 0.152083 0.064583 0.182292 0.022917 0.212500 0.002083
1 0.558333 0.215972 0.705208 0.167361 0.744792 0.167361 0.786458 0.182639 0.829167 0.209028 0.861458 0.252083 0.861458 0.300694 0.841667 0.345139 0.805208 0.385417 0.738542 0.415972 0.686458 0.417361 0.542708 0.389583 0.520833 0.370139 0.513542 0.357639 0.500000 0.346528 0.492708 0.311806 0.498958 0.263194 0.519792 0.231250 0.547917 0.213194
1 0.623958 0.559028 0.586458 0.571528 0.545833 0.575694 0.509375 0.567361 0.486458 0.578472 0.471875 0.609028 0.469792 0.675694 0.482292 0.743750 0.501042 0.779861 0.526042 0.789583 0.555208 0.777083 0.579167 0.767361 0.629167 0.763194 0.687500 0.774306 0.742708 0.774306 0.800000 0.746528 0.845833 0.693750 0.857292 0.654861 0.846875 0.599306 0.809375 0.561806 0.742708 0.538194 0.710417 0.538194 0.711458 0.547917 0.663542 0.550694
1 0.492708 0.775694 0.508333 0.835417 0.495833 0.881250 0.329167 0.945139 0.279167 0.947917 0.236458 0.928472 0.194792 0.896528 0.171875 0.853472 0.170833 0.807639 0.202083 0.756250 0.250000 0.718750 0.326042 0.713194
3 0.451042 0.339583 0.375000 0.342361 0.351042 0.354861 0.276042 0.368750 0.227083 0.390972 0.184375 0.427083 0.167708 0.465972 0.172917 0.506250 0.190625 0.542361 0.239583 0.578472 0.342708 0.593750 0.419792 0.606250 0.457292 0.600694 0.478125 0.581250 0.489583 0.546528 0.495833 0.479861 0.489583 0.410417 0.481250 0.375694 0.470833 0.349306
0 0.586458 0.199306 0.602083 0.167361 0.622917 0.147917 0.617708 0.134028 0.598958 0.136806 0.603125 0.103472 0.618750 0.056250 0.612500 0.031250 0.552083 0.047917 0.538542 0.079861 0.543750 0.120139 0.482292 0.232639 0.489583 0.270139 0.518750 0.234028 0.552083 0.209028
0 0.712500 0.163194 0.720833 0.159028 0.717708 0.140972 0.697917 0.139583 0.693750 0.118750 0.719792 0.072917 0.720833 0.046528 0.672917 0.047917 0.647917 0.072917 0.645833 0.111806 0.628125 0.134028 0.632292 0.152083 0.601042 0.196528
0 0.783333 0.177083 0.801042 0.168750 0.815625 0.161806 0.818750 0.142361 0.787500 0.135417 0.787500 0.113194 0.813542 0.072917 0.823958 0.039583 0.780208 0.042361 0.755208 0.060417 0.744792 0.093750 0.715625 0.124306 0.743750 0.163194
0 0.711458 0.436806 0.739583 0.438194 0.754167 0.432639 0.803125 0.427083 0.798958 0.439583 0.791667 0.453472 0.768750 0.456250 0.768750 0.504861 0.795833 0.518750 0.806250 0.543750 0.755208 0.538194 0.735417 0.529861 0.703125 0.529861
0 0.675000 0.461806 0.700000 0.450694 0.702083 0.429861 0.647917 0.440972 0.616667 0.454861 0.614583 0.527083 0.630208 0.528472 0.647917 0.538194 0.684375 0.546528 0.705208 0.543750 0.691667 0.514583 0.677083 0.514583
0 0.595833 0.459028 0.595833 0.502083 0.608333 0.506250 0.622917 0.534028 0.622917 0.547917 0.552083 0.532639 0.510417 0.524306 0.503125 0.510417 0.498958 0.452083 0.527083 0.439583 0.552083 0.432639 0.577083 0.429861 0.616667 0.424306 0.611458 0.450694
0 0.447917 0.331250 0.432292 0.271528 0.440625 0.242361 0.431250 0.213194 0.411458 0.193750 0.387500 0.189583 0.362500 0.200694 0.362500 0.225694 0.372917 0.246528 0.369792 0.282639 0.356250 0.288194 0.357292 0.300694 0.366667 0.303472 0.370833 0.336806
0 0.352083 0.336806 0.336458 0.272917 0.334375 0.231250 0.315625 0.213194 0.282292 0.206250 0.257292 0.209028 0.275000 0.259028 0.275000 0.302083 0.262500 0.304861 0.266667 0.322917 0.278125 0.318750 0.297917 0.352083 0.342708 0.347917
0 0.266667 0.285417 0.235417 0.268750 0.229167 0.246528 0.220833 0.229861 0.166667 0.221528 0.169792 0.247917 0.190625 0.275694 0.192708 0.310417 0.173958 0.315972 0.168750 0.332639 0.188542 0.332639 0.241667 0.374306 0.283333 0.361806 0.250000 0.302083
0 0.561458 0.785417 0.573958 0.813194 0.581250 0.832639 0.570833 0.840972 0.570833 0.875694 0.591667 0.927083 0.573958 0.931250 0.531250 0.928472 0.508333 0.897917 0.514583 0.863194 0.504167 0.797917 0.531250 0.795139 0.572917 0.779861
0 0.639583 0.772917 0.665625 0.807639 0.688542 0.820139 0.688542 0.840972 0.667708 0.847917 0.667708 0.861806 0.701042 0.938194 0.691667 0.942361 0.634375 0.936806 0.616667 0.899306 0.614583 0.870139 0.592708 0.838194 0.580208 0.792361
0 0.741667 0.782639 0.762500 0.806250 0.795833 0.828472 0.790625 0.839583 0.768750 0.846528 0.765625 0.865972 0.805208 0.939583 0.759375 0.940972 0.732292 0.928472 0.718750 0.890972 0.711458 0.879861 0.693750 0.853472 0.695833 0.813194 0.655208 0.778472 0.687500 0.777083
2 0.419792 0.613194 0.414583 0.686806 0.408333 0.700694 0.259375 0.695139 0.245833 0.689583 0.232292 0.595139 0.244792 0.588194 0.337500 0.592361
