4 0.428376 0.169708 0.402828 0.146594 0.366332 0.133212 0.364507 0.128345 0.344434 0.125912 0.341697 0.133212 0.313412 0.135645 0.286953 0.151460 0.268704 0.174574 0.259580 0.209854 0.258668 0.224453 0.377281 0.214720 0.391880 0.180657
4 0.431113 0.487226 0.418339 0.526156 0.401916 0.544404 0.357208 0.568735 0.356296 0.579684 0.327099 0.583333 0.323449 0.566302 0.292427 0.560219 0.265055 0.546837 0.245894 0.517640 0.243157 0.481144 0.428376 0.475061
4 0.423814 0.861922 0.404653 0.876521 0.319799 0.878954 0.268704 0.872871 0.248631 0.864355 0.250456 0.832725 0.266880 0.797445 0.306113 0.802311 0.394617 0.804745 0.411953 0.831509 0.411953 0.847324
2 0.568887 0.304745 0.531478 0.309611 0.506843 0.329075 0.500456 0.369221 0.500456 0.402068 0.514142 0.420316 0.558850 0.421533 0.623631 0.417883 0.645529 0.405718 0.651916 0.375304 0.649179 0.331509 0.630018 0.315693
2 0.559763 0.628345 0.526004 0.641727 0.517792 0.689173 0.536953 0.724453 0.555201 0.735401 0.651004 0.720803 0.670164 0.702555 0.671077 0.667275
1 0.652828 0.003041 0.477646 0.071168 0.464872 0.118613 0.473996 0.175791 0.653741 0.251217 0.739507 0.265815 0.796989 0.241484 0.842609 0.204988 0.869982 0.152676 0.869982 0.095499 0.840785 0.041971 0.791515 0.009124 0.775091 0.003041
1 0.715785 0.403285 0.640967 0.423966 0.477646 0.499392 0.465785 0.548054 0.476734 0.605231 0.565237 0.627129 0.689325 0.664842 0.734945 0.661192 0.803376 0.633212 0.852646 0.580900 0.861770 0.531022 0.858120 0.489659 0.827099 0.453163 0.782391 0.423966
1 0.765055 0.786496 0.700274 0.773114 0.591697 0.809611 0.473084 0.869221 0.468522 0.925182 0.480383 0.962895 0.609033 0.998175 0.619649 0.998333 0.773266 0.998175 0.816150 0.961679 0.833485 0.917883 0.830748 0.871655 0.804288 0.822993
3 0.502281 0.846107 0.485858 0.849757 0.435675 0.852190 0.411953 0.842457 0.412865 0.833942 0.394617 0.799878 0.304288 0.799878 0.264142 0.792579 0.230383 0.774331 0.198449 0.739051 0.187500 0.698905 0.192062 0.652676 0.217609 0.621046 0.270529 0.590633 0.397354 0.590633 0.463047 0.589416 0.471259 0.606448 0.499544 0.608881 0.508668 0.666058 0.510493 0.724453 0.510493 0.785280
3 0.395529 0.186740 0.411953 0.180657 0.455748 0.170925 0.480383 0.184307 0.484945 0.228102 0.491332 0.288929 0.491332 0.377737 0.479471 0.423966 0.417427 0.436131 0.255931 0.440998 0.223084 0.431265 0.200274 0.400852 0.188412 0.365572 0.187500 0.330292 0.195712 0.293796 0.209398 0.275547 0.247719 0.239051 0.304288 0.224453 0.376369 0.218370
