1 0.679167 0.002083 0.473958 0.100694 0.466667 0.157639 0.481250 0.202083 0.685417 0.274306 0.754167 0.267361 0.807292 0.236806 0.853125 0.186806 0.872917 0.132639 0.870833 0.093750 0.844792 0.046528 0.761458 0.002083
1 0.491667 0.002083 0.501042 0.042361 0.468750 0.111806 0.391667 0.106250 0.351042 0.128472 0.294792 0.153472 0.243750 0.139583 0.201042 0.102083 0.178125 0.045139 0.181250 0.004861
1 0.466667 0.303472 0.388542 0.311806 0.335417 0.278472 0.290625 0.267361 0.219792 0.292361 0.171875 0.349306 0.170833 0.403472 0.195833 0.453472 0.246875 0.484028 0.307292 0.489583 0.364583 0.470139 0.387500 0.450694 0.471875 0.452083 0.497917 0.392361 0.497917 0.360417
1 0.705208 0.436806 0.543750 0.489583 0.520833 0.503472 0.503125 0.524306 0.493750 0.553472 0.493750 0.584028 0.500000 0.615972 0.519792 0.629861 0.535417 0.657639 0.573958 0.663194 0.704167 0.690972 0.736458 0.686806 0.782292 0.668750 0.826042 0.634028 0.852083 0.595139 0.859375 0.549306 0.843750 0.503472 0.792708 0.463194 0.735417 0.439583
1 0.505208 0.727083 0.517708 0.779861 0.505208 0.836806 0.318750 0.896528 0.277083 0.895139 0.217708 0.872917 0.187500 0.850694 0.151042 0.806250 0.145833 0.746528 0.176042 0.682639 0.232292 0.645139 0.305208 0.639583
1 0.515625 0.856250 0.667708 0.786806 0.733333 0.797917 0.788542 0.834028 0.818750 0.890972 0.823958 0.943750 0.797917 0.992361 0.532292 0.996528 0.510417 0.975694 0.504167 0.885417
4 0.608333 0.346528 0.606250 0.327083 0.639583 0.327083 0.640625 0.347917 0.677083 0.360417 0.705208 0.386806 0.713542 0.429861 0.666667 0.435417 0.547917 0.438194 0.519792 0.424306 0.525000 0.396528 0.554167 0.360417
4 0.660417 0.679861 0.689583 0.729861 0.688542 0.757639 0.643750 0.763194 0.547917 0.747917 0.502083 0.735417 0.500000 0.722917 0.501042 0.696528 0.512500 0.660417 0.521875 0.652083 0.536458 0.665972 0.569792 0.667361
2 0.377083 0.299306 0.392708 0.284028 0.402083 0.220139 0.391667 0.190972 0.359375 0.167361 0.317708 0.164583 0.281250 0.172917 0.247917 0.193750 0.245833 0.224306 0.259375 0.246528 0.272917 0.265972 0.289583 0.265972 0.328125 0.274306
2 0.425000 0.545139 0.416667 0.522917 0.371875 0.506250 0.316667 0.511806 0.277083 0.532639 0.267708 0.564583 0.279167 0.596528 0.318750 0.611806 0.371875 0.611806 0.409375 0.595139 0.428125 0.577083
