3 0.503193 0.006691 0.507755 0.074818 0.505018 0.131995 0.494069 0.179440 0.490420 0.215937 0.477646 0.245134 0.401916 0.263382 0.269617 0.279197 0.213047 0.254866 0.182026 0.220803 0.176551 0.173358 0.189325 0.129562 0.228558 0.094282 0.275091 0.069951 0.399179 0.056569 0.404653 0.017640 0.418765 0.000000
2 0.665602 0.107664 0.670164 0.122263 0.670164 0.162409 0.671077 0.180657 0.661040 0.200122 0.507755 0.218370 0.496807 0.191606 0.509580 0.119830 0.552464 0.113747 0.616332 0.107664
2 0.618157 0.436131 0.660128 0.459246 0.677464 0.479927 0.678376 0.501825 0.669252 0.518856 0.644617 0.533455 0.590785 0.548054 0.537865 0.533455 0.516880 0.518856 0.513230 0.477494 0.554288 0.444647 0.604471 0.438564
4 0.402828 0.332725 0.423814 0.358273 0.436588 0.393552 0.432938 0.410584 0.356296 0.414234 0.304288 0.397202 0.251369 0.391119 0.267792 0.360706 0.291515 0.336375 0.324361 0.326642 0.328923 0.308394 0.348996 0.301095 0.360858 0.322993 0.388230 0.324209
4 0.447536 0.613747 0.428376 0.646594 0.408303 0.659976 0.373631 0.673358 0.373631 0.695255 0.347172 0.696472 0.347172 0.674574 0.318887 0.675791 0.293339 0.658759 0.337135 0.640511 0.373631 0.611314 0.401916 0.604015
4 0.693887 0.798662 0.670164 0.826642 0.622719 0.836375 0.619982 0.852190 0.590785 0.850973 0.588960 0.833942 0.566150 0.829075 0.535128 0.803528 0.521442 0.782847 0.513230 0.753650 0.525091 0.763382 0.618157 0.758516 0.641880 0.776764
1 0.703923 0.209854 0.664690 0.215937 0.619982 0.230535 0.582573 0.241484 0.539690 0.237835 0.510493 0.230535 0.488595 0.248783 0.477646 0.293796 0.473084 0.342457 0.482208 0.395985 0.501369 0.436131 0.523266 0.444647 0.555201 0.433698 0.595347 0.432482 0.670164 0.442214 0.726734 0.443431 0.778741 0.421533 0.815237 0.371655 0.825274 0.321776 0.804288 0.259732 0.760493 0.225669
1 0.775091 0.539538 0.735858 0.532238 0.664690 0.548054 0.620894 0.588200 0.513230 0.588200 0.491332 0.650243 0.492245 0.698905 0.515967 0.751217 0.541515 0.765815 0.615420 0.752433 0.649179 0.771898 0.713047 0.799878 0.775091 0.801095 0.829836 0.776764 0.875456 0.736618 0.900091 0.697689 0.903741 0.651460 0.883668 0.602798 0.823449 0.554136
1 0.492245 0.788929 0.520529 0.854623 0.523266 0.894769 0.504106 0.953163 0.415602 0.947080 0.398266 0.951946 0.359033 0.979927 0.296077 0.989659 0.248631 0.979927 0.191150 0.947080 0.162865 0.897202 0.162865 0.846107 0.182938 0.801095 0.244069 0.752433 0.310675 0.747567 0.369982 0.773114 0.401004 0.801095
1 0.369069 0.433698 0.459398 0.427616 0.471259 0.430049 0.510493 0.500608 0.502281 0.557786 0.473996 0.608881 0.378193 0.599148 0.329836 0.634428 0.261405 0.652676 0.198449 0.631995 0.141880 0.596715 0.120894 0.540754 0.124544 0.492092 0.159215 0.437348 0.221259 0.400852 0.248631 0.393552 0.304288 0.398418
