0 0.365885 0.329282 0.365017 0.443866 0.422309 0.457755 0.440538 0.443866 0.444010 0.426505 0.442274 0.413773 0.444010 0.377894 0.433594 0.345486 0.412760 0.333912
0 0.350260 0.434606 0.355469 0.362847 0.338976 0.351273 0.327691 0.326968 0.268663 0.314236 0.281684 0.360532 0.281684 0.404514 0.268663 0.421875 0.273003 0.426505
0 0.273003 0.366319 0.245226 0.357060 0.228733 0.329282 0.176649 0.322338 0.179253 0.344329 0.202691 0.361690 0.198351 0.409144 0.172309 0.420718 0.173177 0.432292 0.212240 0.431134 0.232205 0.441551 0.266059 0.429977 0.264323 0.413773 0.273872 0.403356
0 0.307726 0.707755 0.255642 0.765625 0.253038 0.799190 0.236545 0.813079 0.207031 0.820023 0.179253 0.815394 0.203559 0.764468 0.202691 0.723958 0.189670 0.720486 0.182726 0.706597 0.199219 0.705440 0.226128 0.679977 0.257378 0.690394 0.303385 0.690394
4 0.392795 0.021412 0.353733 0.036458 0.336372 0.063079 0.325087 0.090856 0.322483 0.116319 0.404080 0.116319 0.414497 0.102431 0.457899 0.105903 0.458767 0.081597 0.450087 0.052662 0.430122 0.038773
4 0.455295 0.648727 0.465712 0.679977 0.468316 0.706597 0.443142 0.715856 0.439670 0.779514 0.417969 0.796875 0.391927 0.801505 0.351997 0.791088 0.326823 0.758681 0.315538 0.721644 0.315538 0.690394
1 0.460503 0.004051 0.469184 0.042245 0.680990 0.117477 0.752170 0.109375 0.792101 0.088542 0.832031 0.041088 0.851997 0.006366
1 0.494358 0.110532 0.506510 0.126736 0.501302 0.293403 0.463108 0.308449 0.453559 0.340856 0.428385 0.336227 0.409288 0.330440 0.361545 0.325810 0.357205 0.337384 0.333767 0.339699 0.327691 0.321181 0.266059 0.307292 0.271267 0.335069 0.245226 0.325810 0.208767 0.314236 0.182726 0.273727 0.177517 0.237847 0.180990 0.200810 0.200955 0.153356 0.245226 0.123264 0.312066 0.114005 0.398872 0.118634 0.417101 0.105903
1 0.690538 0.252894 0.480469 0.303819 0.463108 0.316551 0.457899 0.339699 0.453559 0.411458 0.456163 0.440394 0.474392 0.458912 0.667101 0.523727 0.709635 0.524884 0.784288 0.499421 0.834635 0.448495 0.847656 0.402199 0.845920 0.357060 0.813802 0.302662 0.765191 0.272569
1 0.488281 0.472801 0.508247 0.499421 0.513455 0.603588 0.490017 0.634838 0.301649 0.685764 0.257378 0.684606 0.201823 0.667245 0.162760 0.620949 0.145399 0.583912 0.148003 0.524884 0.185330 0.471644 0.226997 0.442708 0.283420 0.431134 0.337240 0.440394
1 0.626302 0.649884 0.458767 0.714699 0.439670 0.743634 0.446615 0.833912 0.464844 0.857060 0.671441 0.910301 0.746094 0.896412 0.792969 0.869792 0.825087 0.817708 0.829427 0.758681 0.800781 0.696181 0.745226 0.660301 0.684462 0.638310
1 0.491753 0.879051 0.516059 0.911458 0.513487 0.998333 0.175781 0.997106 0.158420 0.970486 0.153212 0.934606 0.164497 0.875579 0.189670 0.836227 0.240885 0.810764 0.297309 0.801505 0.384983 0.826968
2 0.520399 0.612847 0.568142 0.616319 0.606337 0.611690 0.633247 0.603588 0.636719 0.575810 0.636719 0.539931 0.617622 0.512153 0.575955 0.508681 0.527344 0.500579 0.517795 0.504051
2 0.655816 0.262153 0.658420 0.228588 0.644531 0.197338 0.628906 0.191551 0.606337 0.190394 0.571615 0.188079 0.534288 0.192708 0.516059 0.206597 0.503906 0.240162 0.503906 0.266782 0.513455 0.282986 0.535156 0.285301
