3 0.519531 0.000579 0.521267 0.061921 0.509115 0.175347 0.502170 0.206597 0.483941 0.233218 0.415365 0.241319 0.258247 0.223958 0.220920 0.196181 0.205295 0.161458 0.197483 0.126736 0.201823 0.085069 0.233941 0.039931 0.278212 0.012153 0.319987 0.000000
3 0.458767 0.298032 0.404080 0.298032 0.369358 0.307292 0.342448 0.322338 0.240017 0.346644 0.200087 0.382523 0.187066 0.427662 0.187066 0.476273 0.213976 0.526042 0.264323 0.548032 0.361545 0.559606 0.427517 0.564236 0.472656 0.554977 0.490885 0.536458 0.498698 0.478588 0.500434 0.403356 0.488281 0.324653
3 0.445747 0.661458 0.480469 0.671875 0.501302 0.700810 0.507378 0.740162 0.509983 0.880208 0.499566 0.932292 0.480469 0.961227 0.436198 0.962384 0.391927 0.948495 0.378906 0.920718 0.357205 0.899884 0.312934 0.887153 0.251302 0.862847 0.209635 0.828125 0.190538 0.792245 0.185330 0.755208 0.194878 0.717014 0.238281 0.683449 0.312066 0.661458
2 0.656684 0.137153 0.657552 0.104745 0.628906 0.085069 0.576823 0.076968 0.540365 0.076968 0.521267 0.089699 0.513455 0.168403 0.528212 0.182292 0.545573 0.186921
2 0.632378 0.389468 0.584635 0.379051 0.519531 0.387153 0.508247 0.401042 0.501302 0.419560 0.503038 0.468171 0.516927 0.492477 0.575087 0.495949 0.623698 0.492477 0.643663 0.472801 0.651476 0.440394 0.643663 0.407986
2 0.644531 0.720486 0.651476 0.758681 0.641059 0.795718 0.620226 0.810764 0.547309 0.814236 0.525608 0.810764 0.508247 0.789931 0.509115 0.737847 0.511719 0.723958 0.535156 0.708912 0.573351 0.706597
4 0.413628 0.270255 0.414497 0.293403 0.403212 0.294560 0.365885 0.302662 0.343316 0.318866 0.277344 0.335069 0.250434 0.304977 0.241753 0.271412 0.253038 0.257523 0.309462 0.249421 0.365885 0.252894
4 0.403212 0.578125 0.379774 0.607060 0.338108 0.620949 0.337240 0.645255 0.307726 0.642940 0.301649 0.619792 0.263455 0.600116 0.239149 0.568866 0.237413 0.548032 0.246962 0.546875 0.266059 0.548032 0.361545 0.564236 0.404948 0.563079
4 0.387587 0.950810 0.337240 0.964699 0.289497 0.956597 0.261719 0.935764 0.249566 0.909144 0.262587 0.870949 0.315538 0.889468 0.356337 0.902199 0.378038 0.923032
1 0.693142 0.132523 0.654080 0.146412 0.539497 0.190394 0.504774 0.210069 0.488281 0.233218 0.485677 0.277199 0.497830 0.315394 0.517795 0.330440 0.676649 0.377894 0.746962 0.355903 0.783420 0.318866 0.804253 0.271412 0.799913 0.218171 0.774740 0.164931 0.740017 0.140625
1 0.714844 0.482060 0.653212 0.484375 0.492622 0.556134 0.478733 0.583912 0.474392 0.624421 0.483073 0.661458 0.498698 0.684606 0.647135 0.718171 0.703559 0.725116 0.765191 0.699653 0.795573 0.647569 0.802517 0.580440 0.775608 0.524884 0.745226 0.494792
1 0.687934 0.858218 0.507378 0.917245 0.501302 0.927662 0.485677 0.967014 0.488281 0.979745 0.490605 0.998333 0.801649 0.998333 0.797309 0.965856 0.785156 0.924190 0.753906 0.884838 0.717448 0.865162
0 0.772135 0.151042 0.840712 0.085069 0.836372 0.064236 0.794705 0.058449 0.784288 0.044560 0.821886 0.000000 0.765191 0.000000 0.668837 0.119792 0.668837 0.133681 0.694878 0.126736 0.740885 0.137153
0 0.829427 0.362847 0.825087 0.389468 0.779948 0.405671 0.768663 0.428819 0.771267 0.458912 0.824219 0.468171 0.834635 0.487847 0.753906 0.492477 0.714844 0.478588 0.652344 0.480903 0.666233 0.399884
0 0.745226 0.710069 0.830295 0.776042 0.830295 0.793403 0.792101 0.803819 0.774740 0.826968 0.798177 0.853588 0.825087 0.865162 0.834635 0.903356 0.789497 0.896412 0.760851 0.875579 0.659288 0.774884 0.658420 0.728588 0.708767 0.726273
