4 0.402828 0.097932 0.330748 0.099148 0.269617 0.112530 0.251369 0.128345 0.261405 0.177007 0.308850 0.169708 0.380931 0.162409 0.391880 0.129562 0.412865 0.107664
4 0.442062 0.411800 0.409215 0.403285 0.251369 0.411800 0.253193 0.440998 0.270529 0.478710 0.302464 0.498175 0.333485 0.503041 0.338047 0.521290 0.360858 0.518856 0.361770 0.505474 0.388230 0.498175 0.419252 0.479927 0.431113 0.450730
4 0.453011 0.804745 0.448449 0.775547 0.426551 0.763382 0.420164 0.723236 0.286953 0.735401 0.274179 0.758516 0.265967 0.799878 0.269617 0.825426 0.316150 0.830292 0.390967 0.825426
3 0.457573 0.100365 0.410128 0.107664 0.390055 0.131995 0.385493 0.167275 0.306113 0.174574 0.260493 0.180657 0.230383 0.198905 0.202099 0.231752 0.190237 0.293796 0.202099 0.346107 0.225821 0.376521 0.275091 0.387470 0.397354 0.386253 0.463960 0.374088 0.490420 0.360706 0.493157 0.338808 0.494982 0.240268 0.494069 0.169708 0.484033 0.117397
3 0.363595 0.521290 0.456661 0.511557 0.493157 0.537105 0.493157 0.550487 0.507755 0.573601 0.514142 0.658759 0.514142 0.724453 0.505931 0.748783 0.473084 0.768248 0.439325 0.764599 0.425639 0.750000 0.421077 0.722019 0.285128 0.729319 0.247719 0.724453 0.212135 0.704988 0.190237 0.670925 0.182938 0.629562 0.191150 0.585766 0.217609 0.551703 0.267792 0.529805 0.307938 0.523723
1 0.526004 0.005474 0.503193 0.037105 0.494982 0.076034 0.499544 0.116180 0.515055 0.134428 0.532391 0.153893 0.714872 0.195255 0.776004 0.173358 0.819799 0.144161 0.848996 0.106448 0.861770 0.050487 0.846259 0.001825
1 0.714872 0.295012 0.536953 0.357056 0.531478 0.357056 0.510493 0.368005 0.491332 0.402068 0.487682 0.437348 0.488595 0.475061 0.503193 0.496959 0.513230 0.499392 0.526916 0.518856 0.551551 0.529805 0.688412 0.549270 0.732208 0.548054 0.779653 0.520073 0.824361 0.486010 0.844434 0.449513 0.853558 0.410584 0.848084 0.374088 0.806113 0.326642 0.744069 0.298662
1 0.744069 0.726886 0.693887 0.723236 0.658303 0.735401 0.597172 0.752433 0.546077 0.750000 0.515967 0.748783 0.489507 0.771898 0.484033 0.827859 0.486770 0.876521 0.498631 0.932482 0.525091 0.950730 0.557026 0.949513 0.590785 0.938564 0.640967 0.936131 0.698449 0.950730 0.754106 0.944647 0.796989 0.919100 0.819799 0.878954 0.825274 0.827859 0.815237 0.786496 0.779653 0.746350
2 0.658303 0.548054 0.672901 0.572384 0.671989 0.627129 0.665602 0.641727 0.515055 0.645377 0.507755 0.572384 0.515967 0.556569
2 0.686588 0.298662 0.678376 0.265815 0.624544 0.242701 0.562500 0.252433 0.529653 0.276764 0.518704 0.302311 0.517792 0.337591 0.523266 0.355839 0.561588 0.342457
