3 0.176551 0.001825 0.171077 0.027372 0.170164 0.061436 0.186588 0.104015 0.233120 0.131995 0.286953 0.139294 0.432938 0.110097 0.473996 0.104015 0.485858 0.086983 0.489507 0.004258
3 0.488595 0.222019 0.501369 0.288929 0.502281 0.361922 0.496807 0.450730 0.482208 0.462895 0.376369 0.481144 0.272354 0.484793 0.232208 0.465328 0.198449 0.423966 0.193887 0.377737 0.203923 0.330292 0.233120 0.292579 0.277828 0.267032 0.383668 0.259732 0.400091 0.232968 0.426551 0.218370
3 0.432938 0.565085 0.477646 0.568735 0.493157 0.602798 0.504106 0.719586 0.501369 0.796229 0.489507 0.821776 0.420164 0.831509 0.408303 0.813260 0.398266 0.781630 0.275091 0.782847 0.240420 0.764599 0.223084 0.747567 0.204836 0.712287 0.199361 0.661192 0.215785 0.614964 0.239507 0.585766 0.291515 0.568735 0.353558 0.563869
4 0.410128 0.833942 0.380018 0.849757 0.371807 0.849757 0.371807 0.857056 0.349909 0.857056 0.348996 0.842457 0.310675 0.835158 0.283303 0.822993 0.271442 0.798662 0.271442 0.785280 0.303376 0.790146 0.397354 0.785280 0.402828 0.812044
4 0.424726 0.477494 0.454836 0.483577 0.436588 0.537105 0.416515 0.554136 0.318887 0.562652 0.283303 0.550487 0.268704 0.526156 0.257755 0.487226 0.275091 0.489659
4 0.435675 0.208637 0.415602 0.185523 0.375456 0.173358 0.307938 0.178224 0.257755 0.180657 0.244069 0.190389 0.244069 0.226886 0.267792 0.263382 0.320712 0.262165 0.384580 0.259732 0.398266 0.234185 0.427464 0.214720
1 0.570712 0.041971 0.575274 0.046837 0.718522 0.007908 0.800639 0.000608 0.843522 0.018856 0.884580 0.061436 0.896442 0.096715 0.899179 0.138078 0.882755 0.177007 0.848084 0.214720 0.797901 0.253650 0.756843 0.268248 0.713047 0.264599 0.613595 0.240268 0.557938 0.229319 0.546989 0.220803 0.536040 0.202555 0.516880 0.189173 0.506843 0.131995 0.515967 0.086983 0.553376 0.054136
1 0.724909 0.408151 0.660128 0.425182 0.555201 0.465328 0.534215 0.468978 0.509580 0.495742 0.500456 0.534672 0.499544 0.571168 0.507755 0.600365 0.527828 0.611314 0.544252 0.635645 0.563412 0.636861 0.710310 0.661192 0.748631 0.653893 0.803376 0.623479 0.841697 0.588200 0.859033 0.545620 0.850821 0.494526 0.818887 0.450730 0.770529 0.423966
2 0.683850 0.332725 0.648266 0.318127 0.598084 0.309611 0.545164 0.330292 0.528741 0.353406 0.519617 0.385036 0.536040 0.414234 0.588960 0.425182 0.656478 0.415450 0.686588 0.397202 0.692974 0.380170 0.692974 0.361922
2 0.680201 0.666058 0.689325 0.690389 0.680201 0.707421 0.630018 0.736618 0.574361 0.730535 0.537865 0.711071 0.524179 0.687956 0.525091 0.659976 0.549726 0.641727 0.564325 0.641727
1 0.755931 0.773114 0.681113 0.773114 0.542427 0.826642 0.509580 0.857056 0.496807 0.895985 0.494982 0.925182 0.504106 0.954380 0.526004 0.968978 0.530566 0.986010 0.547371 0.998333 0.775091 0.996959 0.823449 0.966545 0.845347 0.932482 0.858120 0.885036 0.847172 0.848540 0.816150 0.813260
