1 0.639323 0.534144 0.608941 0.541088 0.580295 0.542245 0.543837 0.537616 0.516927 0.536458 0.496962 0.557292 0.487413 0.595486 0.483941 0.646412 0.489149 0.700810 0.504774 0.735532 0.529080 0.750579 0.566406 0.739005 0.595052 0.737847 0.625434 0.740162 0.710503 0.756366 0.765191 0.747106 0.799045 0.726273 0.831163 0.683449 0.839844 0.631366 0.828559 0.578125 0.781684 0.537616 0.731337 0.519097 0.672309 0.526042
1 0.647135 0.151042 0.590712 0.170718 0.523003 0.163773 0.494358 0.167245 0.475260 0.214699 0.472656 0.276042 0.478733 0.332755 0.502170 0.369792 0.527344 0.376736 0.557726 0.362847 0.606337 0.360532 0.690538 0.381366 0.755642 0.368634 0.793837 0.332755 0.817274 0.295718 0.826823 0.249421 0.812066 0.197338 0.780816 0.162616 0.741753 0.142940 0.688802 0.139468
1 0.457899 0.699653 0.420573 0.708912 0.376302 0.708912 0.284288 0.684606 0.227865 0.699653 0.192274 0.735532 0.175781 0.793403 0.187066 0.843171 0.220052 0.888310 0.259115 0.911458 0.301649 0.916088 0.348524 0.907986 0.391059 0.896412 0.427517 0.897569 0.460503 0.907986 0.486545 0.904514 0.502170 0.880208 0.510851 0.833912 0.509983 0.782986 0.499566 0.739005 0.483073 0.705440
2 0.671441 0.141782 0.666233 0.102431 0.645399 0.078125 0.595052 0.075810 0.541233 0.087384 0.518663 0.108218 0.517795 0.153356 0.533420 0.162616 0.589844 0.168403 0.648003 0.147569
2 0.637587 0.416088 0.614149 0.399884 0.542101 0.402199 0.509115 0.407986 0.499566 0.431134 0.493490 0.458912 0.498698 0.486690 0.512587 0.504051 0.532552 0.509838 0.595920 0.508681 0.621094 0.501736 0.638455 0.482060 0.641927 0.448495
4 0.752170 0.755208 0.750434 0.776042 0.727865 0.795718 0.654080 0.823495 0.620226 0.824653 0.618490 0.835069 0.589844 0.832755 0.589844 0.817708 0.564670 0.806134 0.530816 0.782986 0.511719 0.760995 0.509115 0.742477 0.527344 0.749421 0.568142 0.741319 0.595052 0.739005 0.625434 0.742477 0.712240 0.759838
4 0.424045 0.364005 0.387587 0.315394 0.350260 0.302662 0.341580 0.285301 0.317274 0.286458 0.313802 0.303819 0.286892 0.313079 0.244358 0.352431 0.240885 0.382523 0.271267 0.402199 0.305990 0.396412 0.312934 0.377894 0.342448 0.380208 0.363281 0.392940 0.413628 0.389468
4 0.341580 0.396412 0.338108 0.381366 0.310330 0.385995 0.309462 0.407986 0.273003 0.419560 0.243490 0.448495 0.230469 0.482060 0.410156 0.473958 0.412760 0.454282 0.396267 0.411458 0.358073 0.406829
4 0.342448 0.477431 0.352865 0.490162 0.403212 0.494792 0.410156 0.528356 0.416233 0.565394 0.246094 0.576968 0.232205 0.572338 0.237413 0.546875 0.279080 0.494792 0.308594 0.494792 0.312066 0.478588
4 0.354601 0.570023 0.354601 0.579282 0.405816 0.582755 0.419705 0.633681 0.429253 0.651042 0.425781 0.664931 0.375434 0.674190 0.266059 0.670718 0.241753 0.664931 0.245226 0.639468 0.284288 0.581597 0.313802 0.583912 0.318142 0.572338
3 0.509115 0.001736 0.503906 0.079282 0.497830 0.097801 0.490017 0.173032 0.477865 0.198495 0.443142 0.213542 0.273003 0.219329 0.247830 0.212384 0.212240 0.192708 0.185330 0.159144 0.175781 0.126736 0.181858 0.083912 0.208767 0.046875 0.243490 0.024884 0.293837 0.008681 0.411024 0.015625 0.411024 0.001736
