4 0.420164 0.049270 0.377281 0.041971 0.289690 0.039538 0.259580 0.061436 0.249544 0.082117 0.255018 0.123479 0.267792 0.129562 0.381843 0.114964 0.394617 0.079684 0.406478 0.063869
4 0.441150 0.357056 0.405566 0.350973 0.282391 0.353406 0.252281 0.366788 0.264142 0.397202 0.283303 0.430049 0.398266 0.426399 0.419252 0.420316 0.432026 0.413017
4 0.438412 0.680657 0.411040 0.714720 0.375456 0.726886 0.374544 0.739051 0.343522 0.737835 0.338960 0.725669 0.301551 0.715937 0.267792 0.695255 0.255018 0.658759 0.266880 0.647810 0.390967 0.651460 0.414690 0.675791
3 0.489507 0.062652 0.499544 0.116180 0.500456 0.196472 0.494069 0.292579 0.480383 0.324209 0.401916 0.344891 0.281478 0.350973 0.247719 0.344891 0.214872 0.316910 0.194799 0.268248 0.194799 0.217153 0.225821 0.167275 0.261405 0.141727 0.380018 0.117397 0.402828 0.083333 0.417427 0.061436 0.469434 0.057786
3 0.453923 0.415450 0.478558 0.432482 0.494982 0.475061 0.501369 0.554136 0.497719 0.630779 0.484945 0.662409 0.417427 0.668491 0.391880 0.645377 0.283303 0.645377 0.258668 0.640511 0.231296 0.624696 0.212135 0.599148 0.198449 0.563869 0.196624 0.531022 0.207573 0.489659 0.238595 0.449513 0.274179 0.434915 0.344434 0.433698 0.400091 0.431265 0.414690 0.423966
3 0.466697 0.774331 0.275091 0.781630 0.228558 0.807178 0.203011 0.835158 0.191150 0.891119 0.204836 0.932482 0.252281 0.970195 0.285128 0.983577 0.431113 0.978710 0.433850 0.989659 0.530566 0.995742 0.515967 0.911800 0.503193 0.883820 0.498631 0.820560 0.485858 0.787713
2 0.624544 0.177007 0.581661 0.184307 0.541515 0.209854 0.524179 0.234185 0.526004 0.258516 0.558850 0.284063 0.580748 0.288929 0.679288 0.258516 0.691150 0.242701 0.692062 0.215937 0.675639 0.191606
2 0.686588 0.531022 0.688412 0.559002 0.677464 0.580900 0.647354 0.596715 0.618157 0.604015 0.582573 0.604015 0.546077 0.591849 0.525091 0.576034 0.515967 0.555353 0.515967 0.526156 0.545164 0.501825 0.590785 0.494526 0.640055 0.501825
1 0.746807 0.250000 0.715785 0.246350 0.673814 0.263382 0.549726 0.302311 0.540602 0.302311 0.517792 0.315693 0.505018 0.341241 0.499544 0.374088 0.499544 0.406934 0.500456 0.433698 0.523266 0.448297 0.541515 0.472628 0.579836 0.477494 0.713047 0.501825 0.762318 0.488443 0.809763 0.456813 0.847172 0.413017 0.855383 0.363139 0.846259 0.325426 0.803376 0.284063
1 0.781478 0.628345 0.738595 0.614964 0.700274 0.611314 0.635493 0.631995 0.546989 0.663625 0.523266 0.678224 0.500456 0.696472 0.494069 0.735401 0.491332 0.773114 0.494069 0.797445 0.515055 0.812044 0.535128 0.833942 0.560675 0.835158 0.712135 0.859489 0.776916 0.837591 0.827099 0.791363 0.851734 0.756083 0.853558 0.720803 0.839872 0.674574
