2 0.539583 0.422917 0.526042 0.446528 0.520833 0.486806 0.527083 0.520139 0.541667 0.525694 0.630208 0.531250 0.686458 0.522917 0.701042 0.515972 0.708333 0.502083 0.710417 0.453472 0.705208 0.424306 0.673958 0.425694
2 0.518750 0.749306 0.522917 0.809028 0.542708 0.825694 0.688542 0.831250 0.702083 0.818750 0.698958 0.790972 0.660417 0.792361
1 0.727083 0.147917 0.562500 0.196528 0.548958 0.196528 0.511458 0.227083 0.501042 0.267361 0.500000 0.303472 0.501042 0.331250 0.518750 0.340972 0.535417 0.368750 0.603125 0.388194 0.730208 0.418750 0.782292 0.406250 0.821875 0.390972 0.860417 0.349306 0.883333 0.310417 0.884375 0.261806 0.861458 0.213194 0.794792 0.160417
1 0.664583 0.553472 0.522917 0.607639 0.508333 0.620139 0.494792 0.634028 0.487500 0.677083 0.488542 0.706250 0.502083 0.732639 0.658333 0.782639 0.705208 0.789583 0.767708 0.768750 0.801042 0.715972 0.805208 0.638194 0.772917 0.586806 0.713542 0.559028
1 0.405208 0.061806 0.472917 0.056250 0.504167 0.115972 0.504167 0.145139 0.478125 0.207639 0.398958 0.206250 0.369792 0.229861 0.342708 0.204861 0.327083 0.239583 0.311458 0.243750 0.280208 0.200694 0.256250 0.197917 0.261458 0.257639 0.215625 0.217361 0.177083 0.167361 0.181250 0.097917 0.221875 0.056250 0.276042 0.028472 0.343750 0.028472
0 0.571875 0.181250 0.651042 0.040972 0.669792 0.003472 0.739583 0.006250 0.754167 0.075694 0.696875 0.153472
0 0.394792 0.306250 0.384375 0.343750 0.373958 0.357639 0.362500 0.363194 0.337500 0.363194 0.312500 0.328472 0.275000 0.290972 0.268750 0.272917 0.264583 0.228472 0.262500 0.200694 0.283333 0.209028 0.314583 0.278472 0.322917 0.271528 0.338542 0.225694 0.344792 0.213194 0.364583 0.246528
3 0.420833 0.354861 0.465625 0.359028 0.485417 0.379861 0.496875 0.446528 0.497917 0.507639 0.493750 0.570139 0.481250 0.603472 0.418750 0.607639 0.396875 0.590972 0.289583 0.593750 0.239583 0.584028 0.196875 0.538194 0.190625 0.478472 0.203125 0.427083 0.235417 0.386806 0.298958 0.371528 0.382292 0.374306 0.401042 0.360417
4 0.438542 0.613194 0.442708 0.817361 0.253125 0.806250 0.251042 0.588194 0.397917 0.602083 0.418750 0.610417
0 0.394792 0.815972 0.377083 0.996528 0.287500 0.993750 0.328125 0.813194 0.347917 0.809028 0.352083 0.821528 0.366667 0.824306 0.377083 0.809028
