4 0.328840 0.092048 0.329657 0.083333 0.361520 0.085512 0.365605 0.092048 0.398284 0.104031 0.421977 0.120370 0.408088 0.129085 0.397467 0.150871 0.398284 0.174837 0.363971 0.171569 0.303513 0.172658 0.276552 0.179194 0.244690 0.193355 0.231618 0.205338 0.220997 0.208606 0.223448 0.186819 0.237337 0.155229 0.265114 0.120370 0.316585 0.098584
4 0.575572 0.327342 0.578840 0.311002 0.608252 0.307734 0.614788 0.328431 0.653186 0.339325 0.680964 0.358932 0.701389 0.382898 0.703023 0.398148 0.640114 0.414488 0.611520 0.416667 0.496324 0.415577 0.503676 0.361111 0.515931 0.349129
4 0.436683 0.451525 0.431781 0.474401 0.427696 0.477669 0.418709 0.513617 0.370507 0.525599 0.362337 0.528867 0.328840 0.531046 0.325572 0.523420 0.313317 0.523420 0.303513 0.515795 0.282271 0.511438 0.250408 0.471133 0.243056 0.441721 0.258578 0.437364 0.421977 0.443900
4 0.564951 0.602941 0.554330 0.612745 0.516748 0.602941 0.505310 0.621460 0.505310 0.653050 0.505310 0.687908 0.538807 0.709695 0.578840 0.714052 0.665441 0.716231 0.696487 0.710784 0.706291 0.699891 0.699755 0.680283 0.672794 0.644336
4 0.382761 0.804466 0.351716 0.811002 0.348448 0.822985 0.325572 0.824074 0.322304 0.813181 0.295343 0.805556 0.268382 0.790305 0.247141 0.770697 0.242239 0.745643 0.330474 0.767429 0.354167 0.783769 0.364788 0.796841
2 0.496324 0.913399 0.501225 0.967865 0.512663 0.992919 0.654779 0.998333 0.657271 0.986383
1 0.670343 0.026688 0.525735 0.074619 0.509395 0.098584 0.503676 0.132353 0.506127 0.172658 0.515114 0.193355 0.544526 0.211874 0.716095 0.275054 0.769199 0.265251 0.801062 0.244553 0.831291 0.203159 0.845180 0.166122 0.850082 0.118192 0.837010 0.070261 0.795343 0.027778 0.747141 0.009259 0.698938 0.013617
1 0.705474 0.398148 0.517565 0.449346 0.497141 0.467865 0.488971 0.503813 0.488971 0.540850 0.499592 0.573529 0.537173 0.595316 0.708742 0.647603 0.763480 0.635621 0.799428 0.605120 0.819853 0.569172 0.829657 0.511438 0.815768 0.467865 0.791258 0.428649 0.752859 0.406863
1 0.679330 0.750000 0.502042 0.795752 0.489788 0.820806 0.479984 0.856754 0.486520 0.892702 0.504493 0.916667 0.670343 0.986383 0.706291 0.987473 0.753676 0.972222 0.786356 0.937364 0.796977 0.905773 0.799428 0.861111 0.784722 0.815359 0.756944 0.782680 0.721814 0.757625
3 0.482435 0.355664 0.482435 0.345861 0.495507 0.318627 0.499592 0.217320 0.494690 0.151961 0.471814 0.123638 0.442402 0.116013 0.410539 0.127996 0.400735 0.154139 0.396650 0.186819 0.264297 0.191176 0.220997 0.211874 0.189951 0.236928 0.171977 0.264161 0.165441 0.293573 0.167075 0.330610 0.193219 0.373094 0.229167 0.393791 0.267565 0.405773 0.381127 0.395969 0.436683 0.387255 0.467729 0.376362
3 0.442402 0.532135 0.257761 0.537582 0.212010 0.560458 0.183415 0.590959 0.175245 0.629085 0.176062 0.670479 0.191585 0.705338 0.217729 0.731481 0.246324 0.744553 0.333742 0.768519 0.356618 0.778322 0.367239 0.795752 0.403186 0.804466 0.445670 0.805556 0.468546 0.782680 0.479167 0.734749 0.484069 0.682462 0.485703 0.611656 0.475899 0.570261 0.463644 0.541939
3 0.479167 0.869826 0.453023 0.848039 0.261029 0.838235 0.215278 0.865468 0.189134 0.909041 0.188317 0.952614 0.203840 0.997277 0.494690 0.995098 0.493873 0.917756 0.482435 0.891612
