2 0.587500 0.402083 0.622917 0.402083 0.657292 0.410417 0.676042 0.429861 0.678125 0.475694 0.671875 0.495139 0.650000 0.514583 0.568750 0.520139 0.542708 0.513194 0.523958 0.482639 0.525000 0.453472 0.535417 0.421528 0.548958 0.413194
4 0.504167 0.757639 0.534375 0.788194 0.576042 0.807639 0.581250 0.817361 0.602083 0.818750 0.604167 0.800694 0.646875 0.796528 0.678125 0.778472 0.690625 0.763194 0.646875 0.753472 0.615625 0.743750 0.572917 0.743750 0.538542 0.757639
4 0.668750 0.139583 0.631250 0.135417 0.629167 0.131250 0.596875 0.131250 0.589583 0.138194 0.559375 0.154861 0.530208 0.190972
4 0.709375 0.139583 0.732292 0.113194 0.726042 0.079861 0.693750 0.047917 0.641667 0.043750 0.633333 0.036806 0.602083 0.042361 0.600000 0.047917 0.559375 0.065972 0.523958 0.115972 0.521875 0.179861 0.534375 0.179861 0.558333 0.149306 0.591667 0.128472 0.632292 0.127083 0.670833 0.136806
4 0.463542 0.231250 0.472917 0.292361 0.465625 0.342361 0.253125 0.349306 0.206250 0.304861 0.206250 0.242361
1 0.505208 0.403472 0.515625 0.457639 0.509375 0.496528 0.330208 0.565972 0.272917 0.560417 0.234375 0.536806 0.202083 0.500694 0.192708 0.470139 0.198958 0.434028 0.219792 0.396528 0.253125 0.367361 0.296875 0.347917 0.353125 0.349306
1 0.508333 0.057639 0.515625 0.099306 0.503125 0.149306 0.343750 0.214583 0.288542 0.214583 0.234375 0.192361 0.204167 0.156250 0.194792 0.111806 0.200000 0.074306 0.225000 0.035417 0.271875 0.004861 0.382292 0.003472
1 0.677083 0.145139 0.512500 0.203472 0.493750 0.225694 0.489583 0.256250 0.492708 0.302083 0.515625 0.327083 0.677083 0.382639 0.711458 0.384028 0.746875 0.367361 0.781250 0.347917 0.808333 0.309028 0.815625 0.259028 0.805208 0.214583 0.783333 0.175694 0.735417 0.146528
1 0.703125 0.518750 0.645833 0.534028 0.591667 0.549306 0.553125 0.547917 0.527083 0.539583 0.498958 0.546528 0.477083 0.579861 0.473958 0.654861 0.481250 0.714583 0.508333 0.753472 0.539583 0.749306 0.575000 0.743750 0.613542 0.740972 0.666667 0.750694 0.719792 0.761806 0.789583 0.732639 0.826042 0.679861 0.831250 0.636806 0.820833 0.589583 0.796875 0.550694 0.745833 0.524306
1 0.391667 0.736806 0.467708 0.770139 0.479167 0.815972 0.478125 0.852083 0.460417 0.879861 0.300000 0.924306 0.261458 0.922917 0.216667 0.895139 0.187500 0.860417 0.177083 0.813194 0.184375 0.768750 0.204167 0.725694 0.237500 0.729861 0.256250 0.724306 0.275000 0.699306 0.330208 0.714583 0.343750 0.735417 0.371875 0.739583
0 0.408333 0.574306 0.427083 0.575694 0.415625 0.672917 0.402083 0.709028 0.392708 0.728472 0.379167 0.735417 0.358333 0.738194 0.343750 0.731250 0.329167 0.709028 0.318750 0.646528 0.364583 0.571528 0.376042 0.571528 0.380208 0.586806 0.390625 0.596528 0.400000 0.590972
0 0.344792 0.575694 0.332292 0.614583 0.256250 0.715972 0.246875 0.724306 0.218750 0.724306 0.201042 0.718750 0.195833 0.697917 0.188542 0.635417 0.279167 0.567361 0.286458 0.567361 0.288542 0.588194 0.303125 0.590972 0.321875 0.584028
