1 0.512587 0.197338 0.692274 0.146412 0.740017 0.148727 0.780816 0.166088 0.811198 0.200810 0.825955 0.241319 0.828559 0.281829 0.816406 0.330440 0.790365 0.367477 0.746094 0.392940 0.685330 0.405671 0.615017 0.376736 0.500434 0.324653 0.487413 0.291088 0.486545 0.252894 0.496094 0.221644
1 0.665365 0.515625 0.494358 0.582755 0.478733 0.611690 0.476128 0.645255 0.483073 0.684606 0.500434 0.707755 0.657552 0.749421 0.694010 0.748264 0.740885 0.734375 0.770399 0.706597 0.788628 0.670718 0.792969 0.631366 0.785156 0.580440 0.753038 0.541088 0.707899 0.517940
1 0.697483 0.858218 0.531684 0.913773 0.501302 0.925347 0.490017 0.957755 0.490017 0.993634 0.805122 0.998264 0.804253 0.950810 0.781684 0.902199 0.754774 0.876736
1 0.464844 0.773727 0.327691 0.720486 0.302517 0.722801 0.298177 0.699653 0.226997 0.713542 0.193142 0.748264 0.180990 0.788773 0.175781 0.830440 0.193142 0.882523 0.227865 0.921875 0.269531 0.941551 0.318142 0.940394 0.468316 0.896412 0.477865 0.887153 0.487413 0.861690 0.489149 0.825810 0.478733 0.791088
0 0.413628 0.914931 0.395399 0.983218 0.404948 0.997106 0.345052 0.998264 0.348524 0.982060 0.330295 0.972801 0.341580 0.934606
0 0.324219 0.949653 0.299045 0.998264 0.239149 0.994792 0.239149 0.984375 0.219184 0.977431 0.240885 0.934606 0.267795 0.945023
0 0.404948 0.590856 0.404080 0.630208 0.408420 0.633681 0.404080 0.727431 0.456163 0.719329 0.473524 0.700810 0.479601 0.677662 0.476997 0.652199 0.471788 0.633681 0.467448 0.590856 0.437934 0.595486
0 0.396267 0.629051 0.370226 0.659144 0.366753 0.690394 0.345920 0.714699 0.302517 0.718171 0.299913 0.705440 0.308594 0.682292 0.308594 0.634838 0.295573 0.629051 0.290365 0.610532 0.306858 0.611690 0.331163 0.578125 0.374566 0.586227
0 0.302517 0.642940 0.264323 0.675347 0.253038 0.692708 0.239149 0.706597 0.195747 0.717014 0.195747 0.696181 0.216580 0.673032 0.212240 0.623264 0.186198 0.625579 0.180990 0.608218 0.211372 0.605903 0.265191 0.568866 0.299913 0.579282 0.303385 0.603588 0.281684 0.603588 0.291233 0.631366
0 0.773872 0.436921 0.796441 0.435764 0.817274 0.412616 0.757378 0.412616 0.746094 0.424190 0.658420 0.427662 0.658420 0.468171 0.658420 0.508681 0.746962 0.510995 0.766059 0.519097 0.807726 0.522569 0.805990 0.501736 0.773872 0.491319
0 0.753906 0.729745 0.798177 0.770255 0.830295 0.780671 0.823351 0.793403 0.793837 0.796875 0.796441 0.838542 0.831163 0.879051 0.831163 0.895255 0.777344 0.892940 0.759983 0.874421 0.751302 0.848958 0.726128 0.824653 0.653212 0.756366 0.698351 0.751736 0.742622 0.736690
2 0.624566 0.410301 0.549913 0.407986 0.522135 0.419560 0.514323 0.434606 0.512587 0.497106 0.529948 0.521412 0.627170 0.523727 0.646267 0.510995 0.654080 0.487847 0.658420 0.465856 0.650608 0.439236 0.634115 0.421875
2 0.637587 0.747106 0.640191 0.776042 0.624566 0.807292 0.608073 0.820023 0.517795 0.817708 0.499566 0.801505 0.487413 0.766782 0.493490 0.736690 0.509983 0.719329 0.529080 0.714699
4 0.474392 0.211227 0.360677 0.203125 0.242622 0.211227 0.194878 0.225116 0.205295 0.250579 0.226128 0.274884 0.252170 0.292245 0.259115 0.314236 0.299913 0.340856 0.333767 0.340856 0.365017 0.335069 0.387587 0.328125 0.430122 0.321181 0.433594 0.301505 0.450087 0.296875 0.470052 0.270255
3 0.452691 0.324653 0.475260 0.325810 0.499566 0.348958 0.513455 0.395255 0.514323 0.432292 0.511719 0.498264 0.506510 0.548032 0.491753 0.581597 0.469184 0.588542 0.437934 0.590856 0.398003 0.585069 0.267795 0.561921 0.233073 0.545718 0.208767 0.516782 0.191406 0.469329 0.197483 0.417245 0.224392 0.376736 0.257378 0.355903 0.332899 0.342014 0.372830 0.339699 0.397135 0.328125
