1 0.677517 0.046875 0.590712 0.083912 0.529948 0.102431 0.512587 0.133681 0.506510 0.184606 0.514323 0.222801 0.548177 0.244792 0.722656 0.291088 0.796441 0.271412 0.838976 0.218171 0.856337 0.153356 0.841580 0.088542 0.794705 0.044560 0.737413 0.031829
1 0.666233 0.787616 0.520399 0.838542 0.505642 0.864005 0.499566 0.907986 0.510851 0.951968 0.628906 0.997106 0.788628 0.992477 0.807726 0.973958 0.819010 0.928819 0.816406 0.874421 0.785156 0.817708 0.732205 0.780671
3 0.472656 0.851273 0.397135 0.842014 0.390191 0.836227 0.371962 0.816551 0.318142 0.804977 0.236545 0.776042 0.213108 0.750579 0.197483 0.706597 0.195747 0.662616 0.220920 0.618634 0.260851 0.594329 0.320747 0.576968 0.400608 0.568866 0.470052 0.572338 0.494358 0.588542 0.503906 0.624421 0.509983 0.673032 0.511719 0.747106 0.503906 0.816551 0.487413 0.843171
3 0.465712 0.436921 0.446615 0.447338 0.279948 0.460069 0.234809 0.447338 0.199219 0.426505 0.178385 0.403356 0.167101 0.353588 0.179253 0.308449 0.212240 0.274884 0.249566 0.256366 0.288628 0.245949 0.400608 0.245949 0.403212 0.220486 0.416233 0.198495 0.455295 0.190394 0.480469 0.204282 0.494358 0.228588 0.500434 0.292245 0.497830 0.377894 0.490017 0.404514 0.478733 0.425347
4 0.611545 0.347801 0.583767 0.350116 0.577691 0.369792 0.522135 0.392940 0.507378 0.410301 0.507378 0.454282 0.659288 0.453125 0.700955 0.445023 0.713108 0.432292 0.697483 0.406829 0.660156 0.380208 0.634115 0.368634 0.621962 0.368634
4 0.622830 0.456597 0.626302 0.471644 0.659288 0.483218 0.684462 0.501736 0.707899 0.528356 0.711372 0.550347 0.706163 0.553819 0.540365 0.552662 0.512587 0.545718 0.508247 0.529514 0.536892 0.493634 0.565538 0.472801 0.584635 0.468171 0.584635 0.454282
4 0.635851 0.553819 0.665365 0.558449 0.707031 0.608218 0.720920 0.642940 0.692274 0.651042 0.575955 0.651042 0.526476 0.644097 0.516927 0.634838 0.516927 0.570023 0.527344 0.553819 0.543837 0.559606 0.580295 0.556134
4 0.662760 0.649884 0.708767 0.710069 0.710503 0.743634 0.688802 0.748264 0.623698 0.752894 0.551649 0.749421 0.515191 0.726273 0.510851 0.662616 0.516059 0.639468 0.523872 0.646412 0.576823 0.656829
4 0.437066 0.489005 0.430990 0.534144 0.404948 0.568866 0.307726 0.578125 0.273872 0.559606 0.253038 0.524884 0.245226 0.493634 0.279080 0.487847
4 0.419705 0.190394 0.395399 0.164931 0.374566 0.161458 0.366753 0.148727 0.345052 0.141782 0.339844 0.160301 0.313802 0.160301 0.290365 0.171875 0.264323 0.195023 0.252170 0.219329 0.267795 0.247106 0.286892 0.242477 0.398003 0.242477 0.400608 0.218171
4 0.239149 0.785301 0.251302 0.817708 0.275608 0.845486 0.312066 0.859375 0.335503 0.860532 0.387587 0.845486 0.369358 0.821181 0.314670 0.808449
