2 0.605801 0.175926 0.569853 0.183551 0.545343 0.196623 0.525735 0.218410 0.518382 0.239107 0.518382 0.260893 0.554330 0.271786 0.594363 0.271786 0.656454 0.257625 0.688317 0.251089 0.689134 0.226035 0.677696 0.202070 0.643382 0.186819
2 0.384395 0.357843 0.336193 0.343682 0.299428 0.342593 0.255310 0.368736 0.244690 0.382898 0.243873 0.410131 0.252042 0.427560 0.296160 0.452614 0.353350 0.451525 0.373775 0.449346 0.392565 0.431917 0.402369 0.415577 0.402369 0.390523
2 0.408905 0.663943 0.415441 0.688998 0.413807 0.722767 0.377042 0.747821 0.328023 0.753268 0.278186 0.733660 0.261846 0.720588 0.259395 0.704248
4 0.468546 0.531046 0.489788 0.517974 0.515114 0.504902 0.551062 0.503813 0.552696 0.485294 0.585376 0.484205 0.590278 0.501634 0.626225 0.514706 0.653186 0.539760 0.666258 0.571351 0.667892 0.590959 0.648284 0.599673 0.481618 0.588780 0.475899 0.582244 0.474265 0.549564
4 0.694853 0.872004 0.698092 0.998333 0.502042 0.996187 0.498775 0.861111 0.517565 0.874183 0.551879 0.864379 0.596814 0.856754 0.638480 0.860022
4 0.413807 0.028867 0.372958 0.020153 0.367239 0.011438 0.343546 0.013617 0.341095 0.016885 0.318219 0.020153 0.283905 0.037582 0.256944 0.058279 0.230801 0.084423 0.225899 0.100763 0.238154 0.127996 0.277369 0.111656 0.383578 0.104031 0.393382 0.080065 0.401552 0.039760
3 0.426062 0.029956 0.471814 0.029956 0.492239 0.046296 0.501225 0.100763 0.499592 0.232571 0.496324 0.269608 0.480801 0.300109 0.474265 0.319717 0.271650 0.326253 0.237337 0.319717 0.200572 0.292484 0.180964 0.259804 0.177696 0.224946 0.189134 0.180283 0.226716 0.138889 0.266748 0.117102 0.316585 0.109477 0.383578 0.107298 0.392565 0.090959 0.400735 0.055011 0.411356 0.036492
1 0.718546 0.245643 0.656454 0.258715 0.613154 0.272876 0.577206 0.277233 0.539624 0.272876 0.518382 0.267429 0.494690 0.280501 0.479167 0.312092 0.473448 0.366558 0.476716 0.417756 0.494690 0.464597 0.512663 0.480937 0.535539 0.480937 0.573121 0.471133 0.613154 0.471133 0.660539 0.479847 0.703023 0.491830 0.749592 0.487473 0.789624 0.464597 0.829657 0.412309 0.837010 0.364379 0.825572 0.315359 0.790441 0.271786 0.747958 0.248911
1 0.425245 0.490741 0.251225 0.455882 0.207108 0.467865 0.164624 0.500545 0.136029 0.539760 0.127042 0.587691 0.147467 0.638889 0.182598 0.673747 0.229167 0.697712 0.263480 0.702070 0.417075 0.659586 0.434232 0.656318 0.454657 0.635621 0.468546 0.606209 0.469363 0.550654 0.453023 0.516885 0.445670 0.514706
1 0.556781 0.655229 0.604984 0.651961 0.664624 0.629085 0.719363 0.618192 0.779820 0.634532 0.828023 0.681373 0.841912 0.727124 0.843546 0.764161 0.833742 0.792484 0.807598 0.833878 0.779820 0.855664 0.745507 0.868736 0.694853 0.869826 0.636029 0.857843 0.604984 0.853486 0.571487 0.852397 0.546160 0.858932 0.528186 0.864379 0.501225 0.862200 0.477533 0.821895 0.472631 0.777233 0.471814 0.726035 0.475899 0.678105 0.505310 0.643246
1 0.444853 0.804466 0.469363 0.826253 0.484069 0.877451 0.484886 0.930828 0.475082 0.980937 0.466912 0.996187 0.214224 0.998333 0.176879 0.964597 0.157271 0.923203 0.155637 0.870915 0.176062 0.826253 0.218546 0.792484 0.264297 0.785948 0.312500 0.795752 0.354167 0.809913 0.394199 0.815359 0.421977 0.804466
