1 0.586193 0.004902 0.530637 0.022331 0.513480 0.043028 0.506127 0.083333 0.510212 0.125817 0.529003 0.154139 0.715278 0.219499 0.785539 0.197712 0.837010 0.141068 0.853350 0.082244 0.849265 0.026688 0.832925 0.002723
1 0.665441 0.345861 0.618056 0.361111 0.578840 0.368736 0.532271 0.363290 0.503676 0.361111 0.484886 0.378540 0.469363 0.421024 0.466095 0.486383 0.478350 0.547386 0.493873 0.568083 0.514297 0.576797 0.554330 0.569172 0.598448 0.564815 0.667892 0.584423 0.733252 0.588780 0.796160 0.548475 0.822304 0.509259 0.828023 0.455882 0.812500 0.394880 0.747958 0.353486 0.698121 0.342593
1 0.675245 0.709695 0.610703 0.735839 0.577206 0.744553 0.534722 0.745643 0.489788 0.744553 0.466912 0.766340 0.455474 0.820806 0.462010 0.876362 0.475082 0.936275 0.500408 0.959150 0.531454 0.961329 0.562500 0.946078 0.611520 0.940632 0.665441 0.953704 0.725899 0.958061 0.778186 0.940632 0.835376 0.898148 0.859069 0.846950 0.851716 0.802288 0.828840 0.755447 0.775735 0.721678 0.720180 0.706427
1 0.485703 0.709695 0.495507 0.671569 0.484069 0.608388 0.270833 0.534314 0.226716 0.539760 0.186683 0.565904 0.154820 0.602941 0.140114 0.639978 0.140114 0.685730 0.162173 0.727124 0.196487 0.757625 0.238971 0.776144 0.305147 0.779412
1 0.440768 0.909041 0.292892 0.851307 0.261846 0.844771 0.215278 0.852397 0.180964 0.883987 0.162990 0.934096 0.162173 0.974401 0.169526 0.997277 0.455474 0.997277 0.458742 0.970044 0.454657 0.946078
3 0.458742 0.108388 0.430964 0.112745 0.417075 0.139978 0.410539 0.186819 0.278186 0.185730 0.243873 0.195534 0.207925 0.219499 0.184232 0.253268 0.174428 0.290305 0.183415 0.333878 0.203023 0.363290 0.241422 0.389434 0.282271 0.398148 0.444853 0.390523 0.477533 0.374183 0.488154 0.349129 0.491422 0.329521 0.501225 0.313181 0.506944 0.208606 0.502859 0.150871 0.487337 0.123638
4 0.419526 0.122549 0.399918 0.105120 0.376225 0.094227 0.367239 0.093137 0.363971 0.088780 0.342729 0.085512 0.337010 0.090959 0.310049 0.090959 0.285539 0.105120 0.261846 0.136710 0.252042 0.162854 0.259395 0.185730 0.278186 0.181373 0.408905 0.182462 0.412173 0.137800
2 0.603350 0.245643 0.569036 0.258715 0.552696 0.288126 0.542892 0.314270 0.539624 0.341503 0.553513 0.358932 0.578840 0.364379 0.618873 0.360022 0.666258 0.340414 0.698938 0.338235 0.707925 0.311002 0.701389 0.284858 0.689134 0.263072 0.643382 0.250000
2 0.372958 0.419935 0.395016 0.442810 0.398284 0.476580 0.395833 0.510349 0.379493 0.521242 0.343546 0.528867 0.305147 0.529956 0.266748 0.523420 0.255310 0.504902 0.252042 0.467865 0.256944 0.443900 0.279003 0.419935
2 0.532271 0.578976 0.536356 0.594227 0.553513 0.635621 0.563317 0.651961 0.589461 0.661765 0.650735 0.662854 0.680147 0.656318 0.696487 0.633442 0.699755 0.601852 0.697304 0.592048 0.667075 0.587691 0.596814 0.566993 0.554330 0.570261
2 0.415441 0.738017 0.408088 0.780501 0.403186 0.799020 0.383578 0.812092 0.359069 0.817538 0.312500 0.819717 0.279820 0.809913 0.267565 0.793573 0.266748 0.779412 0.307598 0.779412
