1 0.496962 0.002894 0.490885 0.037616 0.490017 0.070023 0.495226 0.105903 0.676649 0.175347 0.720052 0.177662 0.776476 0.152199 0.806858 0.117477 0.822483 0.066551 0.826823 0.023727 0.818349 0.000000
1 0.669705 0.352431 0.507378 0.390625 0.484809 0.427662 0.484809 0.468171 0.490885 0.501736 0.516927 0.526042 0.651476 0.582755 0.696615 0.587384 0.747830 0.570023 0.790365 0.527199 0.801649 0.478588 0.793837 0.419560 0.763455 0.374421 0.707899 0.351273
1 0.700087 0.739005 0.630642 0.756366 0.587240 0.781829 0.492622 0.785301 0.469184 0.829282 0.470052 0.877894 0.496094 0.941551 0.593316 0.940394 0.623698 0.962384 0.667101 0.984375 0.742622 0.985532 0.825955 0.939236 0.850260 0.917245 0.854601 0.864005 0.831163 0.807292 0.781684 0.766782
1 0.444010 0.772569 0.392795 0.762153 0.346788 0.767940 0.284288 0.788773 0.234809 0.787616 0.189670 0.766782 0.156684 0.733218 0.145399 0.681134 0.146267 0.625579 0.187934 0.568866 0.252170 0.543403 0.317274 0.553819 0.362413 0.563079 0.416233 0.558449 0.445747 0.548032 0.472656 0.579282 0.486545 0.633681 0.491753 0.707755 0.477865 0.751736
0 0.842448 0.174190 0.786024 0.186921 0.655816 0.269097 0.657552 0.342014 0.735677 0.348958 0.841580 0.301505 0.836372 0.278356 0.786024 0.272569 0.780816 0.236690 0.793837 0.223958 0.835503 0.214699
0 0.730469 0.586227 0.824219 0.620949 0.820747 0.646412 0.773872 0.661458 0.765191 0.690394 0.784288 0.712384 0.818142 0.715856 0.838108 0.752894 0.785156 0.755208 0.751302 0.727431 0.653212 0.670718 0.654080 0.595486 0.695747 0.598958
0 0.460503 0.002894 0.463976 0.029514 0.463108 0.145255 0.428385 0.147569 0.412760 0.166088 0.411024 0.198495 0.400608 0.198495 0.389323 0.085069 0.393663 0.078125 0.385171 0.000000
0 0.361545 0.005208 0.384115 0.118634 0.379774 0.196181 0.319010 0.199653 0.290365 0.093171 0.303385 0.059606 0.289497 0.004051
0 0.233941 0.001736 0.292969 0.129051 0.295573 0.195023 0.240885 0.208912 0.175781 0.100116 0.182726 0.086227 0.214844 0.078125 0.195747 0.039931 0.173177 0.006366
0 0.367622 0.410301 0.427517 0.419560 0.439670 0.447338 0.446615 0.494792 0.437066 0.531829 0.372830 0.545718 0.368490 0.506366 0.421441 0.498264 0.416233 0.453125 0.366753 0.441551
2 0.564670 0.250579 0.543837 0.249421 0.521267 0.252894 0.508247 0.267940 0.503038 0.313079 0.503038 0.340856 0.522135 0.352431 0.569010 0.366319 0.609809 0.364005 0.638455 0.352431 0.647135 0.318866 0.641927 0.284144 0.632378 0.259838 0.606337 0.254051
2 0.562066 0.587384 0.600260 0.590856 0.636719 0.596644 0.647135 0.626736 0.641927 0.670718 0.622830 0.691551 0.577691 0.696181 0.526476 0.692708 0.503906 0.671875 0.496094 0.635995 0.504774 0.602431 0.542101 0.589699
0 0.340712 0.431134 0.268663 0.421875 0.271267 0.447338 0.317274 0.453125 0.325087 0.477431 0.325087 0.510995 0.279948 0.523727 0.279080 0.549190 0.350260 0.534144 0.361545 0.508681 0.358073 0.441551
0 0.253906 0.434606 0.273872 0.469329 0.272135 0.530671 0.225260 0.546875 0.183594 0.549190 0.181858 0.528356 0.224392 0.517940 0.228733 0.495949 0.220920 0.462384 0.177517 0.458912 0.174045 0.428819
0 0.452691 0.774884 0.444010 0.909144 0.429253 0.924190 0.399740 0.934606 0.382378 0.934606 0.379774 0.892940 0.396267 0.840856 0.366753 0.832755 0.379774 0.766782 0.415365 0.767940
0 0.365885 0.847801 0.341580 0.924190 0.314670 0.935764 0.280816 0.934606 0.282552 0.902199 0.309462 0.858218 0.305990 0.839699 0.282552 0.836227 0.274740 0.828125 0.291233 0.791088 0.344184 0.771412 0.365885 0.774884
0 0.268663 0.846644 0.225260 0.933449 0.210503 0.947338 0.175781 0.943866 0.178385 0.911458 0.219184 0.867477 0.211372 0.852431 0.169705 0.840856 0.169705 0.820023 0.207031 0.780671 0.233073 0.793403 0.273003 0.793403 0.265191 0.815394
3 0.481337 0.155671 0.497830 0.177662 0.503906 0.198495 0.505642 0.237847 0.502170 0.287616 0.496094 0.345486 0.484809 0.364005 0.475260 0.397569 0.423177 0.410301 0.273872 0.412616 0.226128 0.395255 0.193142 0.368634 0.175781 0.332755 0.174913 0.296875 0.194010 0.252894 0.227865 0.226273 0.276476 0.201968 0.415365 0.204282 0.415365 0.183449 0.423177 0.159144 0.450955 0.148727
