4 0.476128 0.144097 0.483073 0.207755 0.475260 0.223958 0.452691 0.214699 0.404948 0.212384 0.386719 0.217014 0.376302 0.249421 0.239149 0.258681 0.217448 0.220486 0.219184 0.160301
4 0.362413 0.486690 0.362413 0.508681 0.389323 0.522569 0.413628 0.546875 0.427517 0.567708 0.432726 0.598958 0.404080 0.604745 0.311198 0.601273 0.256510 0.592014 0.242622 0.582755 0.249566 0.560764 0.285156 0.512153 0.319010 0.508681 0.332031 0.494792
1 0.571615 0.035301 0.537760 0.029514 0.501302 0.041088 0.483073 0.100116 0.478733 0.142940 0.487413 0.212384 0.503038 0.243634 0.536892 0.255208 0.597656 0.243634 0.657552 0.255208 0.740017 0.270255 0.812066 0.237847 0.851128 0.182292 0.862413 0.119792 0.845052 0.058449 0.788628 0.020255 0.739149 0.008681 0.688802 0.014468 0.650608 0.029514 0.608941 0.046875
1 0.724392 0.461227 0.671441 0.471644 0.611545 0.485532 0.557726 0.483218 0.515191 0.473958 0.483073 0.508681 0.475260 0.573495 0.477865 0.630208 0.490885 0.681134 0.525608 0.701968 0.595920 0.690394 0.688802 0.711227 0.717448 0.718171 0.789497 0.703125 0.843316 0.645255 0.852865 0.586227 0.839844 0.526042 0.794705 0.482060
1 0.450087 0.651042 0.407552 0.659144 0.365017 0.655671 0.305990 0.635995 0.253906 0.624421 0.207031 0.633681 0.167969 0.668403 0.149740 0.715856 0.149740 0.769097 0.167101 0.809606 0.195747 0.842014 0.241753 0.866319 0.294705 0.867477 0.365017 0.853588 0.419705 0.860532 0.447483 0.874421 0.478733 0.862847 0.495226 0.822338 0.499566 0.757523 0.492622 0.695023 0.474392 0.660301
1 0.757378 0.813079 0.691406 0.799190 0.634115 0.813079 0.493490 0.865162 0.464844 0.891782 0.467394 0.998333 0.846788 0.998264 0.858073 0.965856 0.849392 0.913773 0.824219 0.867477
2 0.600260 0.333912 0.523003 0.337384 0.504774 0.350116 0.495226 0.399884 0.503038 0.432292 0.539497 0.450810 0.609809 0.443866 0.659288 0.421875 0.671441 0.392940 0.664497 0.348958 0.638455 0.336227
2 0.660156 0.705440 0.657552 0.736690 0.641927 0.758681 0.590712 0.766782 0.523872 0.765625 0.500434 0.752894 0.495226 0.695023 0.497830 0.686921 0.521267 0.701968 0.575087 0.699653 0.590712 0.696181
2 0.420573 0.866319 0.407552 0.861690 0.362413 0.855903 0.291233 0.872106 0.275608 0.869792 0.289497 0.892940 0.327691 0.903356 0.378038 0.906829 0.419705 0.891782
3 0.473524 0.220486 0.488281 0.259838 0.489149 0.309606 0.486545 0.385995 0.483941 0.445023 0.478733 0.457755 0.432726 0.472801 0.260851 0.471644 0.223524 0.454282 0.197483 0.427662 0.184462 0.381366 0.192274 0.325810 0.216580 0.284144 0.249566 0.260995 0.267795 0.257523 0.374566 0.252894 0.392795 0.221644 0.404080 0.211227 0.450955 0.217014
