1 0.426042 0.089583 0.444792 0.090972 0.460417 0.103472 0.465625 0.118750 0.475000 0.127083 0.482292 0.153472 0.483333 0.182639 0.479167 0.213194 0.459375 0.235417 0.427083 0.252083 0.312500 0.293750 0.271875 0.292361 0.240625 0.274306 0.219792 0.275694 0.190625 0.246528 0.180208 0.220139 0.180208 0.178472 0.202083 0.140972 0.235417 0.107639 0.270833 0.088194 0.304167 0.078472
1 0.421875 0.432639 0.297917 0.411806 0.266667 0.414583 0.231250 0.432639 0.209375 0.449306 0.184375 0.482639 0.175000 0.528472 0.188542 0.574306 0.236458 0.613194 0.285417 0.627083 0.434375 0.582639 0.443750 0.577083 0.470833 0.550694 0.480208 0.522917 0.481250 0.496528 0.476042 0.467361 0.459375 0.459028 0.446875 0.438194
1 0.553125 0.595139 0.585417 0.600694 0.637500 0.592361 0.700000 0.577083 0.761458 0.579861 0.820833 0.610417 0.852083 0.642361 0.868750 0.692361 0.865625 0.729861 0.846875 0.764583 0.809375 0.796528 0.771875 0.815972 0.719792 0.824306 0.671875 0.817361 0.625000 0.802083 0.584375 0.799306 0.541667 0.806250 0.519792 0.813194 0.491667 0.802083 0.472917 0.774306 0.465625 0.720139 0.467708 0.652083 0.483333 0.610417 0.506250 0.589583 0.535417 0.592361
3 0.458333 0.746528 0.285417 0.745139 0.235417 0.764583 0.194792 0.807639 0.189583 0.853472 0.206250 0.903472 0.250000 0.943750 0.334375 0.974306 0.362500 0.984028 0.370833 0.992361 0.504167 0.996528 0.504167 0.921528 0.497917 0.839583 0.497917 0.817361 0.471875 0.789583
4 0.620833 0.174306 0.586458 0.177083 0.586458 0.193750 0.544792 0.207639 0.509375 0.232639 0.498958 0.252083 0.498958 0.267361 0.522917 0.288194 0.684375 0.290972 0.693750 0.274306 0.682292 0.220139 0.638542 0.196528 0.619792 0.196528
4 0.627083 0.459028 0.627083 0.478472 0.658333 0.495139 0.682292 0.524306 0.693750 0.550694 0.693750 0.570139 0.582292 0.556250 0.506250 0.559028 0.506250 0.524306 0.526042 0.495139 0.572917 0.477083 0.592708 0.478472 0.594792 0.460417
4 0.503125 0.809028 0.508333 0.850694 0.566667 0.871528 0.647917 0.878472 0.692708 0.863194 0.693750 0.828472 0.670833 0.824306 0.623958 0.806250 0.582292 0.803472 0.542708 0.810417 0.519792 0.815972
2 0.633333 0.288194 0.666667 0.292361 0.701042 0.313194 0.714583 0.331250 0.714583 0.368750 0.698958 0.397917 0.655208 0.413194 0.582292 0.422917 0.531250 0.410417 0.517708 0.388194 0.515625 0.356250 0.527083 0.322917 0.563542 0.297917 0.592708 0.288194
2 0.405208 0.592361 0.417708 0.611806 0.423958 0.657639 0.417708 0.684028 0.389583 0.703472 0.358333 0.710417 0.321875 0.711806 0.285417 0.695139 0.271875 0.668750 0.271875 0.642361 0.280208 0.634028
0 0.407292 0.257639 0.433333 0.257639 0.445833 0.267361 0.458333 0.296528 0.460417 0.329861 0.450000 0.395139 0.428125 0.411806 0.390625 0.413194 0.383333 0.343750 0.393750 0.309028 0.384375 0.296528 0.383333 0.270139
0 0.327083 0.347917 0.337500 0.371528 0.337500 0.406250 0.316667 0.410417 0.254167 0.415972 0.225000 0.386806 0.202083 0.390972 0.200000 0.378472 0.208333 0.370139 0.220833 0.365972 0.218750 0.321528 0.195833 0.281250 0.197917 0.270139 0.245833 0.278472 0.265625 0.292361 0.273958 0.317361
