1 0.667969 0.059606 0.471788 0.119792 0.457031 0.170718 0.463108 0.228588 0.671441 0.325810 0.726997 0.330440 0.780816 0.309606 0.819010 0.285301 0.851997 0.237847 0.865017 0.191551 0.854601 0.135995 0.803385 0.083912 0.736545 0.059606
1 0.656684 0.456597 0.466580 0.510995 0.451823 0.558449 0.463108 0.616319 0.652344 0.699653 0.721788 0.704282 0.785156 0.669560 0.820747 0.635995 0.831163 0.589699 0.819878 0.543403 0.773003 0.491319 0.715712 0.458912
1 0.867622 0.995949 0.864149 0.955440 0.828559 0.892940 0.766059 0.848958 0.661024 0.838542 0.481337 0.901042 0.468316 0.958912 0.481337 0.997106
2 0.514323 0.642940 0.505642 0.664931 0.510851 0.726273 0.528212 0.759838 0.621094 0.767940 0.649740 0.755208 0.661892 0.732060 0.660156 0.703125 0.648872 0.703125
4 0.617622 0.338542 0.575087 0.322338 0.526476 0.335069 0.498698 0.377894 0.493490 0.412616 0.496094 0.450810 0.503038 0.477431 0.511719 0.495949 0.648003 0.456597 0.649740 0.410301 0.640191 0.372106
4 0.424045 0.489005 0.325955 0.489005 0.316406 0.512153 0.306858 0.539931 0.308594 0.576968 0.316406 0.602431 0.328559 0.615162 0.427517 0.618634 0.441406 0.593171 0.447483 0.553819 0.445747 0.521412
0 0.651476 0.377894 0.742622 0.360532 0.761719 0.335069 0.823351 0.326968 0.821615 0.346644 0.796441 0.368634 0.783420 0.370949 0.782552 0.421875 0.807726 0.420718 0.819878 0.445023 0.772135 0.442708 0.707899 0.454282 0.659288 0.450810
0 0.255642 0.500579 0.300781 0.504051 0.310330 0.510995 0.305122 0.535301 0.303385 0.575810 0.265191 0.596644 0.240885 0.603588 0.223524 0.627894 0.167101 0.640625 0.172309 0.616319 0.191406 0.600116 0.190538 0.551505 0.167969 0.543403 0.161892 0.517940 0.204427 0.527199
0 0.314670 0.838542 0.269531 0.935764 0.270399 0.958912 0.268663 0.990162 0.251810 0.998333 0.200087 0.998264 0.219184 0.933449 0.216580 0.914931 0.196615 0.903356 0.213108 0.884838 0.244358 0.816551 0.271267 0.829282
4 0.432726 0.257523 0.418837 0.223958 0.391927 0.199653 0.363281 0.191551 0.363281 0.170718 0.334635 0.167245 0.329427 0.181134 0.294705 0.188079 0.267795 0.207755 0.246962 0.234375 0.248698 0.262153 0.264323 0.267940 0.398872 0.262153 0.409288 0.257523
1 0.483073 0.260995 0.492622 0.274884 0.491753 0.476273 0.476997 0.491319 0.266927 0.484375 0.229601 0.478588 0.198351 0.455440 0.172309 0.416088 0.168837 0.377894 0.176649 0.332755 0.198351 0.296875 0.233941 0.272569 0.267795 0.266782 0.395399 0.266782 0.408420 0.260995
3 0.431858 0.620949 0.473524 0.627894 0.492622 0.638310 0.502170 0.760995 0.504774 0.837384 0.492622 0.881366 0.476997 0.889468 0.419705 0.894097 0.406684 0.880208 0.392795 0.839699 0.272135 0.825810 0.235677 0.803819 0.207031 0.759838 0.200087 0.707755 0.213976 0.660301 0.253038 0.623264 0.294705 0.614005
