2 0.654080 0.201968 0.653212 0.166088 0.636719 0.145255 0.594184 0.132523 0.542969 0.133681 0.512587 0.147569 0.501302 0.171875 0.497830 0.215856 0.492622 0.260995 0.513455 0.276042 0.529948 0.249421 0.544705 0.230903
2 0.434462 0.560764 0.450955 0.592014 0.450955 0.626736 0.443142 0.651042 0.408420 0.667245 0.359809 0.667245 0.325955 0.660301 0.312066 0.649884 0.305990 0.631366 0.305990 0.595486
4 0.432726 0.306134 0.411024 0.380208 0.370226 0.372106 0.269531 0.351273 0.249566 0.322338 0.245226 0.292245 0.270399 0.281829 0.312066 0.276042 0.375434 0.277199 0.417969 0.284144
4 0.586372 0.457755 0.591580 0.440394 0.621094 0.440394 0.625434 0.462384 0.680990 0.490162 0.706163 0.524884 0.708767 0.545718 0.706163 0.551505 0.525608 0.535301 0.503906 0.529514 0.509115 0.492477 0.536892 0.469329
4 0.626302 0.544560 0.635851 0.566551 0.659288 0.565394 0.685330 0.587384 0.706163 0.620949 0.714844 0.642940 0.707899 0.657986 0.635851 0.655671 0.536892 0.644097 0.510851 0.633681 0.514323 0.570023 0.529948 0.548032 0.578559 0.556134 0.589844 0.544560
4 0.570747 0.647569 0.511719 0.647569 0.506510 0.697338 0.512587 0.739005 0.562934 0.755208 0.636719 0.759838 0.689670 0.755208 0.711372 0.742477 0.706163 0.723958 0.660156 0.660301
4 0.667969 0.758681 0.703559 0.815394 0.709635 0.845486 0.700955 0.860532 0.659288 0.869792 0.595920 0.865162 0.542969 0.853588 0.509983 0.828125 0.510851 0.776042 0.524740 0.749421 0.563802 0.757523 0.637587 0.764468
1 0.731337 0.193866 0.676649 0.200810 0.545573 0.234375 0.533420 0.248264 0.524740 0.269097 0.520399 0.294560 0.523003 0.329282 0.536892 0.350116 0.583767 0.370949 0.694010 0.418403 0.742622 0.418403 0.778212 0.395255 0.808594 0.365162 0.819878 0.326968 0.820747 0.289931 0.811198 0.252894 0.776476 0.218171
1 0.388455 0.000579 0.496962 0.041088 0.509115 0.087384 0.499566 0.149884 0.283420 0.248264 0.233941 0.250579 0.195747 0.230903 0.167101 0.208912 0.147135 0.168403 0.137587 0.132523 0.139323 0.087384 0.162760 0.044560 0.213108 0.004051
1 0.420573 0.384838 0.439670 0.385995 0.450955 0.410301 0.472656 0.433449 0.478733 0.471644 0.470920 0.510995 0.451823 0.545718 0.415365 0.563079 0.259983 0.602431 0.219184 0.592014 0.180122 0.567708 0.151476 0.541088 0.135851 0.507523 0.132378 0.464699 0.143663 0.431134 0.174045 0.394097 0.217448 0.365162 0.261719 0.353588 0.408420 0.385995
3 0.463976 0.690394 0.257378 0.683449 0.187934 0.719329 0.167969 0.763310 0.175781 0.810764 0.203559 0.850116 0.248698 0.884838 0.325955 0.911458 0.354601 0.927662 0.374566 0.965856 0.411892 0.979745 0.452691 0.983218 0.476128 0.967014 0.488281 0.916088 0.488281 0.829282 0.492622 0.757523 0.482205 0.719329
