0 0.629934 0.421784 0.636513 0.429094 0.623355 0.502193 0.593750 0.525585 0.552083 0.515351 0.509320 0.503655 0.497259 0.483187 0.499452 0.445175 0.537829 0.421784
0 0.647478 0.434942 0.730811 0.421784 0.737390 0.432018 0.821820 0.421784 0.819627 0.465643 0.806469 0.510965 0.777961 0.522661 0.632127 0.509503
0 0.826206 0.003655 0.816338 0.044591 0.717654 0.149854 0.648575 0.168860 0.600329 0.180556 0.623355 0.125000 0.713268 0.006579
0 0.675987 0.002193 0.665022 0.048977 0.640899 0.084064 0.588268 0.177632 0.511513 0.168860 0.536732 0.100146 0.580592 0.005117
1 0.627741 0.183480 0.582785 0.186404 0.535636 0.179094 0.507127 0.177632 0.479715 0.218567 0.476425 0.297515 0.487390 0.370614 0.515899 0.396930 0.548794 0.388158 0.606908 0.383772 0.677083 0.404240 0.734101 0.407164 0.802083 0.373538 0.833882 0.326754 0.841557 0.263889 0.819627 0.198099 0.769189 0.165936 0.703399 0.158626
1 0.680373 0.532895 0.612390 0.554825 0.576206 0.560673 0.524671 0.551901 0.492873 0.556287 0.470943 0.598684 0.465461 0.663012 0.476425 0.725877 0.496162 0.755117 0.520285 0.763889 0.554276 0.758041 0.609101 0.755117 0.680373 0.771199 0.740680 0.766813 0.799890 0.733187 0.821820 0.680556 0.821820 0.623538 0.800987 0.570906 0.742873 0.540205
1 0.461075 0.740497 0.423794 0.752193 0.382127 0.750731 0.322917 0.733187 0.268092 0.725877 0.216557 0.746345 0.185855 0.785819 0.172697 0.834064 0.179276 0.892544 0.223136 0.943713 0.268092 0.961257 0.330592 0.965643 0.379934 0.946637 0.422697 0.943713 0.473136 0.956871 0.497259 0.943713 0.509320 0.895468 0.512610 0.828216 0.500548 0.766813
1 0.487390 0.521199 0.498355 0.474415 0.484101 0.418860 0.297697 0.350146 0.228618 0.357456 0.167215 0.396930 0.135417 0.453947 0.132127 0.506579 0.157346 0.546053 0.207785 0.589912 0.269189 0.600146 0.324013 0.592836
3 0.455592 0.225877 0.495066 0.189327 0.511513 0.107456 0.515899 0.003655 0.413925 0.003655 0.410636 0.031433 0.274671 0.029971 0.227522 0.053363 0.188048 0.088450 0.173794 0.130848 0.179276 0.186404 0.225329 0.228801 0.277961 0.246345
2 0.409539 0.383772 0.422697 0.377924 0.433662 0.331140 0.434759 0.297515 0.404057 0.269737 0.349232 0.259503 0.297697 0.269737 0.272478 0.297515 0.279057 0.351608 0.299890 0.350146
2 0.404057 0.566520 0.441338 0.582602 0.452303 0.622076 0.443531 0.664474 0.417215 0.684942 0.366776 0.687865 0.307566 0.667398 0.290022 0.644006 0.291118 0.603070 0.327303 0.595760
4 0.512610 0.774123 0.537829 0.816520 0.580592 0.838450 0.586075 0.850146 0.610197 0.854532 0.613487 0.839912 0.659539 0.839912 0.692434 0.806287 0.707785 0.785819 0.703399 0.777047 0.680373 0.777047 0.608004 0.756579 0.553180 0.758041
