4 0.409215 0.170925 0.389142 0.149027 0.342609 0.136861 0.338960 0.130779 0.317974 0.128345 0.316150 0.135645 0.278741 0.147810 0.249544 0.172141 0.238595 0.204988 0.235858 0.228102 0.247719 0.242701 0.391880 0.230535 0.392792 0.191606
4 0.421077 0.478710 0.241332 0.479927 0.228558 0.487226 0.240420 0.522506 0.262318 0.545620 0.301551 0.562652 0.312500 0.560219 0.317062 0.571168 0.342609 0.569951 0.342609 0.560219 0.370894 0.556569 0.390055 0.544404 0.404653 0.524939 0.413777 0.506691
4 0.404653 0.826642 0.357208 0.842457 0.356296 0.847324 0.339872 0.852190 0.334398 0.842457 0.302464 0.841241 0.282391 0.825426 0.265055 0.810827 0.255018 0.788929 0.255018 0.784063 0.291515 0.790146 0.378193 0.792579 0.391880 0.792579 0.398266 0.810827
3 0.449361 0.161192 0.416515 0.167275 0.395529 0.187956 0.394617 0.234185 0.256843 0.245134 0.214872 0.264599 0.185675 0.293796 0.165602 0.326642 0.166515 0.383820 0.184763 0.413017 0.221259 0.437348 0.260493 0.449513 0.430201 0.430049 0.467609 0.411800 0.478558 0.382603 0.489507 0.359489 0.491332 0.287713 0.484033 0.206204 0.472172 0.178224
3 0.479471 0.579684 0.409215 0.572384 0.269617 0.582117 0.225821 0.599148 0.196624 0.625912 0.179288 0.666058 0.181113 0.701338 0.206661 0.743917 0.248631 0.780414 0.300639 0.787713 0.398266 0.788929 0.401004 0.814477 0.412865 0.836375 0.452099 0.835158 0.484945 0.826642 0.495894 0.808394 0.501369 0.736618 0.496807 0.656326 0.492245 0.602798
3 0.484945 0.878954 0.495894 0.904501 0.506843 0.966545 0.503193 0.993309 0.500179 0.998333 0.215785 0.995742 0.211223 0.955596 0.227646 0.903285 0.271442 0.869221 0.320712 0.860706 0.401916 0.860706 0.473996 0.864355
1 0.669252 0.005474 0.473996 0.089416 0.464872 0.141727 0.485858 0.196472 0.666515 0.263382 0.736770 0.273114 0.790602 0.257299 0.848084 0.198905 0.869982 0.150243 0.876369 0.110097 0.857208 0.061436 0.805201 0.018856 0.750456 0.000608
1 0.722172 0.397202 0.640055 0.414234 0.533303 0.451946 0.503193 0.486010 0.491332 0.527372 0.494982 0.573601 0.515967 0.589416 0.530566 0.617397 0.696624 0.645377 0.757755 0.634428 0.807026 0.607664 0.841697 0.561436 0.851734 0.532238 0.848996 0.487226 0.828011 0.453163 0.788777 0.421533
1 0.735858 0.775547 0.634580 0.797445 0.542427 0.826642 0.508668 0.863139 0.500456 0.909367 0.510493 0.948297 0.531478 0.967762 0.548814 0.990876 0.564325 0.990876 0.803376 0.998175 0.851734 0.953163 0.864507 0.902068 0.853558 0.853406 0.816150 0.809611
2 0.670164 0.639294 0.671077 0.679440 0.653741 0.707421 0.623631 0.715937 0.558850 0.714720 0.536040 0.706204 0.522354 0.686740 0.522354 0.650243 0.529653 0.631995 0.541515 0.624696
2 0.653741 0.343674 0.645529 0.385036 0.626369 0.409367 0.517792 0.414234 0.500456 0.399635 0.499544 0.355839 0.504106 0.320560 0.545164 0.302311 0.601734 0.301095 0.642792 0.312044
