1 0.564134 0.003813 0.530637 0.012527 0.515931 0.028867 0.506127 0.059368 0.505310 0.097495 0.520833 0.135621 0.537173 0.150871 0.699755 0.194444 0.746324 0.191176 0.795343 0.165033 0.832108 0.116013 0.843546 0.059368 0.843546 0.031046 0.835376 0.002723
1 0.680147 0.680283 0.510212 0.735839 0.494690 0.750000 0.488154 0.765251 0.482435 0.797930 0.485703 0.842593 0.505310 0.863290 0.681781 0.921024 0.733252 0.914488 0.763480 0.901416 0.792075 0.874183 0.809232 0.834967 0.810049 0.794662 0.805964 0.754357 0.770016 0.706427 0.722631 0.681373
1 0.435049 0.540850 0.306781 0.501634 0.262663 0.505991 0.227533 0.526688 0.201389 0.553922 0.183415 0.598584 0.181781 0.631264 0.196487 0.670479 0.225899 0.697712 0.274918 0.721678 0.321487 0.721678 0.437500 0.675926 0.455474 0.667211 0.460376 0.634532 0.457925 0.568083
1 0.453840 0.219499 0.326389 0.173747 0.284722 0.179194 0.236520 0.202070 0.201389 0.242375 0.186683 0.281590 0.191585 0.333878 0.223448 0.376362 0.262663 0.398148 0.308415 0.406863 0.446487 0.353486 0.463644 0.342593 0.466912 0.326253 0.470997 0.248911
3 0.461193 0.845861 0.287990 0.838235 0.275735 0.874183 0.214461 0.877451 0.203023 0.904684 0.200572 0.937364 0.208742 0.974401 0.220997 0.996187 0.495507 0.997277 0.494690 0.916667 0.486520 0.874183 0.470180 0.846950
2 0.509395 0.872004 0.515114 0.925381 0.529820 0.939542 0.672794 0.944989 0.689951 0.931917 0.681781 0.919935
2 0.689951 0.558279 0.640931 0.547386 0.523284 0.557190 0.514297 0.594227 0.517565 0.639978 0.536356 0.662854 0.616422 0.666122 0.688317 0.654139 0.699755 0.632353 0.699755 0.565904
2 0.725899 0.409041 0.741422 0.417756 0.746324 0.466776 0.743873 0.503813 0.729984 0.521242 0.620507 0.529956 0.546160 0.521242 0.530637 0.509259 0.524918 0.451525 0.539624 0.411220 0.564134 0.406863
2 0.691585 0.255447 0.709559 0.269608 0.707925 0.333878 0.694853 0.358932 0.682598 0.357843 0.649918 0.373094 0.532271 0.372004 0.524918 0.340414 0.527369 0.280501 0.535539 0.258715
0 0.333742 0.735839 0.286356 0.821895 0.283088 0.846950 0.274101 0.865468 0.257761 0.875272 0.217729 0.874183 0.220180 0.855664 0.233252 0.826253 0.228350 0.792484 0.212010 0.788126 0.212010 0.771786 0.223448 0.771786 0.259395 0.720588 0.279003 0.728214 0.323938 0.723856
0 0.337827 0.427560 0.312500 0.417756 0.281454 0.418845 0.261846 0.398148 0.214461 0.394880 0.216095 0.411220 0.232435 0.430828 0.232435 0.474401 0.216095 0.484205 0.213644 0.502723 0.260212 0.499455 0.274101 0.494009 0.335376 0.494009
0 0.331291 0.170479 0.283905 0.078976 0.286356 0.051743 0.283088 0.028867 0.265931 0.009259 0.212827 0.005991 0.229984 0.069172 0.230801 0.099673 0.214461 0.104031 0.211193 0.120370 0.221814 0.125817 0.249592 0.191176 0.289624 0.175926
4 0.473448 0.267429 0.490605 0.232571 0.497141 0.187908 0.492239 0.145425 0.466912 0.114924 0.441585 0.099673 0.404003 0.101852 0.377042 0.122549 0.361520 0.146514 0.355801 0.183551 0.453840 0.214052 0.469363 0.241285
4 0.349265 0.505991 0.438317 0.538671 0.454657 0.526688 0.469363 0.498366 0.475082 0.471133 0.473448 0.428649 0.462010 0.397059 0.438317 0.375272 0.421977 0.370915 0.347631 0.404684 0.343546 0.425381 0.338644 0.456972 0.338644 0.478758
4 0.464461 0.656318 0.474265 0.683551 0.479984 0.738017 0.464461 0.777233 0.440768 0.797930 0.413807 0.803377 0.383578 0.799020 0.359886 0.778322 0.344363 0.752179 0.340278 0.721678 0.441585 0.677015 0.455474 0.668301
