1 0.540602 0.084550 0.529653 0.078467 0.494982 0.110097 0.478558 0.155109 0.484033 0.212287 0.506843 0.230535 0.526004 0.252433 0.705748 0.281630 0.758668 0.265815 0.811588 0.226886 0.839872 0.187956 0.853558 0.144161 0.838960 0.093066 0.789690 0.045620 0.726734 0.024939 0.684763 0.028589
1 0.740420 0.477494 0.696624 0.472628 0.649179 0.488443 0.606296 0.506691 0.542427 0.503041 0.508668 0.501825 0.484033 0.538321 0.477646 0.584550 0.486770 0.653893 0.508668 0.704988 0.530566 0.706204 0.571624 0.696472 0.622719 0.696472 0.697536 0.711071 0.747719 0.701338 0.800639 0.661192 0.825274 0.617397 0.825274 0.563869 0.793339 0.501825
1 0.482208 0.713504 0.510493 0.774331 0.515055 0.819343 0.487682 0.885036 0.394617 0.881387 0.383668 0.883820 0.329836 0.921533 0.274179 0.936131 0.208485 0.911800 0.160128 0.875304 0.133668 0.831509 0.130931 0.776764 0.149179 0.725669 0.210310 0.686740 0.280566 0.672141 0.339872 0.687956 0.377281 0.719586
1 0.505931 0.995742 0.496807 0.970195 0.497719 0.939781 0.525091 0.858273 0.632755 0.866788 0.681113 0.832725 0.736770 0.815693 0.794252 0.816910 0.844434 0.847324 0.886405 0.892336 0.900091 0.932482 0.906478 0.967762 0.901004 0.992092
2 0.508668 0.342457 0.599909 0.335158 0.659215 0.337591 0.670164 0.358273 0.669252 0.397202 0.661953 0.425182 0.624544 0.428832 0.508668 0.434915
2 0.687500 0.714720 0.678376 0.740268 0.617245 0.770681 0.557938 0.767032 0.526004 0.743917 0.517792 0.717153 0.528741 0.709854 0.574361 0.701338 0.622719 0.698905
4 0.435675 0.243917 0.436588 0.207421 0.399179 0.196472 0.349909 0.195255 0.276916 0.200122 0.262318 0.211071 0.250456 0.224453 0.261405 0.260949 0.286040 0.299878 0.404653 0.288929 0.412865 0.259732
4 0.366332 0.523723 0.358120 0.509124 0.331661 0.509124 0.329836 0.528589 0.300639 0.535888 0.271442 0.560219 0.255931 0.591849 0.256843 0.612530 0.278741 0.623479 0.407391 0.617397 0.435675 0.608881 0.436588 0.583333 0.416515 0.534672 0.386405 0.524939
3 0.500456 0.000608 0.496807 0.090633 0.476734 0.146594 0.292427 0.174574 0.238595 0.163625 0.197536 0.128345 0.189325 0.082117 0.192974 0.039538 0.219932 -0.000000
3 0.453011 0.247567 0.421989 0.256083 0.409215 0.288929 0.276004 0.302311 0.242245 0.314477 0.211223 0.341241 0.183850 0.375304 0.172901 0.408151 0.178376 0.442214 0.202099 0.473844 0.248631 0.501825 0.283303 0.507908 0.442974 0.494526 0.463960 0.490876 0.497719 0.472628 0.504106 0.437348 0.503193 0.325426 0.501369 0.295012 0.482208 0.259732
